"V1"
0.16050494969183
-0.0043695413631002
-0.00507659030680556
0.00271639654670249
-0.107606161849357
0.089501537868497
-0.207884422834892
0.3863480681785
-0.0252095837397268
-0.297783385384325
-0.43843947091471
-0.121548143694464
0.457550144344941
0.283404165921148
-0.264770464722822
-0.201773444205246
-0.163323503245035
-0.102791406081698
-0.63376134148267
-0.167556446498708
-0.857496199800545
1.54300646740157
-0.311493059827779
0.556333589284275
-0.481226720547447
0.263246178417995
-0.0365872824883707
0.210052095405566
0.114845834193424
-0.302284785279866
0.0700193445437639
0.0089950511641485
-0.0949393736291972
0.228396884334954
0.00458036877871073
4.26664777517712e-14
-2.03653163509329e-13
1.17136115461654e-12
-0.284787472555728
-0.1137818297616
-0.0709695528834072
0.245520794322608
-0.206849781288166
0.00658006292900248
-0.316484951063598
0.205584881353188
0.133604395794247
-0.101032065636072
-0.122411939805398
0.101387680353182
-0.0820581808229945
0.08121459292764
-0.173497643328661
-0.147157578768287
-0.187704568270468
0.359651517069859
0.143862173551336
0.00496366986057098
-0.187120642427963
0.095121472159212
0.177799051220001
0.0497259649384379
-0.0223490530919236
-0.0351097772938449
0.0482878315831642
0.0338407911363808
-0.046735136354077
-0.333849382436529
-0.0772863502608889
0.614284982436341
0.0730803547297279
-0.410204322053758
0.0197820594112818
0.155942343461461
-0.16001159590376
0.127040041483292
0.290241464492244
-0.952599512703462
0.12315640563846
0.144788191122774
-0.0672934117015142
0.0710132182781888
-0.187811684663236
0.182314239601216
0.0383250886251195
-0.496982066112901
0.251818263392553
0.0471540132752565
-0.0503731447392817
0.0808968867499972
0.0609374296562565
0.0331867219878752
-0.012337846217669
0.131637336109633
0.167792870441639
0.101391255099684
-0.0307982077255357
0.145824928244533
-0.0673283040230109
0.456846480506634
-0.00413851322040663
-0.37854660078223
-0.0240745119230276
0.146374925476504
-0.114326855098221
-0.0801677320817851
-0.325135383292893
-0.0846741224813033
-0.0274884951907016
0.0151969054273603
-0.210064835522482
0.016701266258601
