"x"
0.113216411564626
0.0141687925170088
0.0187110260770952
0.0546676587301575
0.0479102891156386
0.0407901077097576
0.0171619897959131
0.0708127834467162
0.0423774092970503
0.0346747448979799
0.0612053571428775
0.0512209467119972
0.0474114229025174
0.0274567743764221
0.0134431689342348
0.000608701814063153
0.0145769557823071
0.0279556405895717
0.00215065192739829
0.0030576814058675
0.0401622732426533
0.0129896541950286
0.0201622732426146
0.0964434523810057
0.0319990079365441
0.0165341553288515
0.0188924319727691
0.0293161848072471
0.0181668083900165
0.0355364229025342
0.0425588151926816
0.0713640873016418
0.0416588718819882
0.00619401927442752
0.0546293934241037
0.0366631235827738
0.0193005952380888
0.0283708900227809
0.10301941609978
0.0683708900227445
0.0768969671202301
0.067599914965878
0.0446067176868853
0.0237903911562641
0.0495953798187217
0.0393912981859573
0.0576608560091684
0.077531887755096
0.076307397959137
0.0180236678005242
0.0580690192744881
0.0055590986395616
0.0216135204081199
0.108091695011215
0.0771619897958301
0.0310395408162988
0.0753932823130056
0.0977969104306779
0.0465950963719918
0.0317198129251649
0.0683638038550255
0.0157631802720987
0.000298327664406059
0.0775701530611498
0.0580690192742607
0.0714477040815821
0.0195202664400297
0.000661139455952905
0.00573341836738862
0.0910395408162442
0.0250111647712514
0.0285485797372345
0.0373467656782878
0.047051981097789
0.00247182842603033
0.0433335064305624
0.0819726160184273
0.0131744300773646
0.0490927974243021
0.0150795381766415
0.0509525540496356
0.0182084436828318
0.0564850876737437
0.0162133250247138
0.00560073393226324
0.0333104844991481
0.0104990393103521
0.0261903030932813
0.0178006266119923
0.000113205587618292
0.0429253431652428
0.000385660625588091
0.0693195547939154
0.0009752297865675
0.000838829170370925
0.0400678541136954
0.025056516245209
0.0132651330252798
0.0232428034826939
0.0192518737774976
0.0338550483806643
0.028004362050106
0.00541967423097001
0.0742175139775241
0.0615191012792962
0.108866040054787
0.0561676273561402
0.0874601443630723
0.0119045888074338
0.0202946114831462
0.0145353204896623
0.0841494867667421
0.0412923439097681
0.0389340672656231
0.0227889425490644
0.0550338405081816
0.0855553824584745
0.0470066296237888
0.094716380190826
0.0523581035467173
0.0289113915286321
0.026281006041168
0.0718138858596062
0.0164397361999504
0.0485939312112946
0.00238077928353553
0.0358501670388391
0.0272790846618904
0.0164854338682603
0.0311336137510039
0.0161676273561766
0.00324280348271211
0.0823354278096899
0.0886888088568746
0.0484167000133397
0.136897425636909
0.0394824596505203
0.0059223689475573
0.0611604641856673
0.0518634120314857
0.0167160197412159
0.00110710951047962
0.0255142056822479
0.0158009870614478
0.0149926637321642
0.043019874616482
0.0448712818460649
0.207056155795647
0.136353207949844
0.134130985727586
0.142475656929412
0.0974416433239526
0.0769427771108212
0.0741763372015271
0.238439375750352
0.0136774709883753
0.0173509403761386
0.110366813392068
0.0173429371748966
0.190548219287655
0.0461944777910389
0.152725090035949
0.0866933440043226
0.119618514072306
0.108688808856789
0.066239829265021
0.135400826997545
0.0185674269707419
0.0909563825530654
0.219074296385122
0.165468854208291
0.120344137655172
0.0446525276777607
0.0832919834602194
0.0115913031877767
0.103428037881747
0.104199012938614
0.145559557156309
0.0307749766573466
0.165015339469198
0.0803894891289815
0.0573509403759886
0.00165933039878611
0.0190781750052281
0.0435226194496728
0.0841575400846018
0.0681031183158872
0.0275589006288165
0.0383979028963758
0.0616632090188297
0.0422074267059123
0.0141802158215661
0.00151139415578642
0.0574455219440018
0.0377176307875381
0.000831122046920298
0.0362210321480326
0.0268332770460212
0.0491915536900343
0.0632051591322217
0.0123208053907412
0.0306881523295011
0.0456541387240442
0.0311416670687642
0.00102828838396148
0.0405747736446052
0.00805776684205525
0.0726382657081764
0.0309602611730476
0.0552686511956587
0.0109602611730658
0.0797584471140432
0.0507335038033695
0.00219166626459569
0.0546790820346793
0.000892233962074572
0.0510509641209161
0.00922114472268946
0.0332731863431924
0.00940255061834919
0.0131371319213237
0.0306881523296148
0.0725022112864032
0.0347697849825842
0.027150737363511
0.00795130345284393
0.0226155899712218
0.060393367749041
0.0367198983611821
0.0336813496083984
0.00497386661515761
0.0310963155949345
0.0513684244384628
0.021436451649263
0.0315044788600268
0.0560396262525252
0.0186700117397983
0.0369920072047286
0.0598945015359483
0.0481484697896782
0.0544069731910191
0.00713497692220458
0.0332731863430787
0.0436586738713892
0.00996252874653932
0.0370373586787288
0.0542709187692459
0.0284205786332428
0.0387607146877805
0.0613003972274534
0.0360849777263162
0.0646564062977838
0.0334092407648519
0.0235609628466822
0.0531301238444204
0.00927524856097684
0.00936595150880671
0.046916971916966
0.0800688993546093
0.0519509855224047
0.0840598290598056
0.122971393685697
0.149275248560963
0.0782094889237843
0.137665271236751
0.0179356357927585
0.00364992150713838
0.0584362462934056
0.0615201465201896
0.0188897610326482
0.082563230420357
0.0295927088783916
0.131905634048559
0.0500462236175796
0.0612933891505296
0.00736874236878825
0.0738103959533252
0.122200418628887
0.0348517355661837
0.0615201465200759
0.0465995115997036
0.0441505320075582
0.0527673120530441
0.0250575614859887
0.00560003488585003
0.0276879469736802
0.0656453863595683
0.0992525728241223
0.0294113029827319
0.110046223617752
0.101882958311586
0.037210012209874
0.0298648177218244
0.02759549973843
0.00895778824365757
0.0361233211231653
0.0280036630035223
0.0120870399442143
0.0581641374497455
0.0021533228677466
0.0633324611896508
0.00764259549969816
0.0807020757019412
0.0151691958835212
0.0899537763822931
0.0746703296703739
0.0346824556983274
0.0253400520702061
0.0848411858570588
0.068469303770897
0.0428232132359054
0.0142971361384097
0.0753173763332458
0.0416440749139182
0.179353657512408
0.041893340052056
0.176632569077001
0.107698328714193
0.130691525993129
0.08524934912235
0.0550452674896607
0.0873808683967214
0.0869727051314018
0.104977240278842
0.106836650709667
0.054546401276568
0.00300461913157313
0.0864284874443657
0.132959099689217
0.158922986478458
0.125136138405949
0.10191618375741
0.0169275216259874
0.0794672041656239
0.0101473083060883
0.100238179222359
0.0180159570000595
0.208991013689413
0.0123695305282328
0.10218829260107
0.147585117997735
0.00890031074159459
0.0278118753673906
0.138378768791384
0.0695352313764059
0.00899101368936761
0.0847279751407795
0.0454535987234548
0.0265420340974314
0.0818708322835418
0.0581973628959103
0.116383303939031
0.0489456622155584
0.017312841185728
0.0415533719660315
0.00248290921312866
0.0360658436213297
0.120918451331093
0.12128126312264
0.0838662971361399
0.0190136894263586
0.0773356848912525
0.0101248005375536
0.0293763332493173
0.0517574535985685
0.0715078525236523
0.137607793734744
0.0415758797346799
0.058718736877424
0.0228457210044299
0.0537075669773939
0.0837302427143667
0.191167884437803
0.211621399176877
0.0839341563785612
0.0364740068866494
0.148809607793694
0.191258587385576
0.158333417317593
0.0353750134974604
0.0872570996652542
0.148209480617641
0.034966850232155
0.0279827232480045
0.0581397257316041
0.107529208508782
0.0369605874095498
0.10698499082169
0.0506584602094506
0.180136918259353
0.00371968469927997
0.0168698844617381
0.0864390454594115
0.0309759205269586
0.0208625418420809
0.00657509988120064
0.0235836302775454
0.0432644422848341
4.44876364269486e-05
0.141588165424952
0.101860274268421
0.0892525645178524
0.100000863837596
0.0238540114458317
0.103808659971872
0.0163710182486454
0.0463500701867645
0.0422230860599087
0.170839866105058
0.0314747867400513
0.0612253536337051
0.0427219522730014
0.0334702515926495
0.111066623474886
0.0836272540762308
0.0118829500053892
0.0536063060144045
0.168662995356686
0.111248029370432
0.0031754670123576
0.0678013173523653
0.00775596587841965
0.06635007018686
0.00535061008535531
0.0847174171255631
0.136826260663116
0.0472570996650632
0.180182269733183
0.0384589137242586
0.0496136486340617
0.0548307958103635
0.0223591404814727
0.095919231184513
0.0538784148581783
0.0662140157650868
0.0497043515818347
0.0558615136875943
0.0938660488349846
0.0778116270662771
0.0977662755923582
0.105294620263559
0.0832538039370213
0.0999884978145879
0.097312760853152
0.053729994413198
0.104931808472168
0.087834302803197
0.0560882710572293
0.0554533504223066
0.101983962667158
0.121076933188727
0.0664737585855398
0.0804420125537838
0.0519159354563164
0.0453399717374857
0.0715077721910354
0.0535032370436518
0.0935485885175019
0.0794442801274279
0.00293634361960426
0.0847050511025834
0.0192175227579362
0.0160659239541922
0.0863830556377486
0.0341835091524224
0.0214397449800806
0.0643422393111684
0.027358440960915
0.117176706431361
0.015090538630853
0.0266551644812359
0.0296483617601332
0.0188547109666167
0.0498297676558884
0.0306007427125458
0.0141835091524406
0.0137983502579339
0.0690364454960438
0.00046501692484003
0.027675901278348
0.0202606066580081
0.00409313483848951
0.0179476814880907
0.0105553912387911
0.0199661507115018
0.0140928062046676
0.058446547701147
0.0235489171513784
0.0175171711195837
0.0222107200368334
0.0196033389201823
0.0567008445891354
0.0137529987839337
0.00676887179995379
0.0260655953202565
0.0266551644813496
0.0110542574518838
0.000850175819119385
0.0110996089256566
0.0548184297874975
0.0394219330243907
0.025113214367844
0.0287413322817208
0.0385372506489382
0.0195126359721819
0.0540251076276711
0.000419665450612457
0.048855039600516
0.0493658228318567
0.00827590052414978
0.0490483625144024
0.0102275008363976
0.00337942827403465
0.0273688710456908
0.0170755733987606
0.0271421136760593
0.00732500650534446
0.0171647894130401
0.0382093602467863
0.0168019776216637
0.0067354373443082
0.00120255752571991
0.0242864577524857
0.0277316828370671
0.0209758001561555
0.000658339838683852
0.0015638823835174
0.0202048250994595
0.0007475558529349
0.00773316977066413
0.0116333965279737
0.00882160514473623
0.0280491431544432
0.0235608341696762
0.0210665031039853
0.0496817962157037
0.00709676220216254
0.0274157094530993
0.0348987026505129
0.00727816809782228
0.0304981227463613
0.0152600275082149
0.0384361176163894
0.00451321512222064
0.00786773725891537
0.0302275008364505
0.012268317163067
0.0128578863239328
0.0141715921342565
0.00183747816052898
0.00564551503677097
0.0130831567598433
0.0601126352180144
0.027415709453213
2.34192037042447e-05
0.00451172818858497
0.0562124084608185
0.0132192111816166
0.0115865581205652
0.0124028846512046
0.0553960819299518
0.0130831567598433
0.00768633136314195
0.0142622950820295
0.0271874651500311
0.0397044719527129
0.030271365376815
0.0342622950820113
0.0630151295490249
0.0232872383926078
0.0458722724062808
0.202325200756985
0.190760574906644
0.185091640666283
0.0629147699179921
0.129309327741109
0.0447042777010612
0.130216357219564
0.00182633454384667
0.0965863638688407
0.148831261828053
0.196404957973175
0.255044413755531
0.10901266772375
0.077266635977725
0.0473800146625254
0.286881148449385
0.159851669991344
0.203116976113751
0.228241692667058
0.0944548445944693
0.116359606499219
0.18937547951511
0.10084940241764
0.137311987451614
0.0158153888121038
0.0792621008302664
0.177402690399464
0.112776840059343
0.0332303547985081
0.0547723049119955
0.142708812848429
0.203207679061581
0.130418563415293
0.136314255025315
0.0381982166300471
0.019921572639117
0.116021345881716
0.0661101733926049
0.00583806454911301
0.101644928648323
0.281599577174159
0.0622798492829983
0.10472882887488
0.0810553594870211
0.172756039759218
0.0558852914598841
0.0474707176103553
0.101690280121869
0.104003205292241
0.140828602117648
0.0889465159498681
0.0697174910065254
0.00772202615375445
0.0500803027978631
0.0248856835966823
0.00874055888035091
0.0433682846572023
0.0625066066527719
0.00853835268439379
0.0334117606941678
0.127903432049646
0.137835404838637
0.14087395359142
0.171849010280806
0.147812729101628
0.0669056996230605
0.117427241573335
0.126996402571006
0.150034951323999
0.230080302797927
0.0246135747533632
0.0786957430726355
0.0783329312812521
0.0475846319615196
0.0464054936395323
0.0195120696032442
0.0348643476303115
0.0115536900339142
0.051076695453609
0.00252874672327914
0.0333896206236583
0.0291954133899784
0.0220971036168218
0.000691207925221191
0.0459519789002835
0.0724825911452095
0.0121197793538309
0.0396934754989426
0.0138431353628827
0.00586127595249002
0.00529518663257329
0.0157713771087705
0.0238658110998737
0.042211286405753
7.97671314179543e-05
0.0722104823016631
0.0319618532993294
0.0653170582654562
0.00441002878687106
0.0299663884466175
0.0691719335488793
0.0357713771087523
0.0446149145236708
0.0895800968140671
0.0250449494218325
0.0427320242517832
0.0317116160886068
0.0713488042970235
0.0630948360430845
0.0446367861566083
0.0157025457935939
0.0808272623469217
0.0529361058843202
0.0241379199433064
0.0824599154082003
0.0798295299207363
0.0335710265192043
0.0584689857030222
0.0573805503290638
0.0248416718932352
0.0157478972678215
0.00427397436509784
0.0575166047506096
0.0433215934126489
0.0469950628005259
0.0668136569047343
0.0925732940929644
0.0309406410319676
0.0864054936393965
0.0913488042970054
0.0412807770862779
0.0138884868367692
0.0534803235714131
0.00196104919495303
0.0589225004423421
0.0543873530498255
0.0447056174716712
0.0516662646145884
0.0383782827552674
0.0357478972678033
0.0562921149546506
0.0329361058845658
0.0145687589456353
0.290625486204204
0.439242266249555
0.0738189582402336
0.0114153301223277
0.335387390966109
0.0934372775874456
0.0052928811427316
0.368947481669044
0.0527116540046441
0.408085803664482
0.301710114702838
0.0445030372245915
0.407269477133899
0.00477514606811749
0.570171971464992
0.242734329741642
0.686498502077233
0.445274012281322
0.132666302530799
0.241328434049966
0.276249068970661
0.111804624526291
0.309537050830078
0.189491699356073
0.286906665342518
0.190262674412826
0.662462220898111
0.138924805932139
0.183051790059073
0.285591472598786
0.373482629061333
0.161483357333135
0.282462220898116
0.370580134730323
0.325636824072636
0.137518910240634
0.196883989605714
0.252847708426463
0.184820497542125
0.163252064816187
0.21148716420854
0.138561994140593
0.129945214095334
0.406970885677846
0.347152291573674
0.00191800321105032
0.245292881142712
0.139741132462779
0.481211248489525
0.408739593160898
0.33903437774128
0.129601271165337
0.0464720194646256
0.123660228081543
0.102235463528506
0.671124352417484
0.194363175927345
0.305882450303751
0.170916463909033
0.0453193637553445
0.0876058063130026
0.107541585977434
0.523550656272311
0.267424400417065
0.257764536471621
0.214317824453327
0.540077461641511
0.340440273433013
0.215723720144832
0.106426667990798
0.05064661281179
0.0135944586167803
0.0764516014738781
0.0393087443310385
0.0393994472789252
0.0581296060090615
0.0983110119047417
0.00450077947846169
0.0329595379818677
0.0524153202948135
0.0127781320861693
0.0575853883220255
0.0355899234693886
0.0473813066893179
0.058492417800381
0.0732769982993211
0.0596715561224535
0.0073579223355857
0.020034367913923
0.0389912840136056
0.0316896967119654
0.019127338435397
0.014501488095221
0.0164735685941643
0.00377515589570905
0.0081976332199936
0.0143200821994476
0.084070649093065
0.0627554563493511
0.0430729166666886
0.0437531887755547
0.0312361819728729
0.0469277919501117
0.0133677012470351
0.0647055697277217
0.0327781320861511
0.016881731859484
0.0573586309524224
0.0453404903628332
0.041848426870957
0.00422867063502893
0.0161341411564997
0.103889243197273
0.0883336876415804
0.0276534155329962
0.0125060232426229
0.0649323270974953
0.0170631377550301
0.0182203089568709
0.0370865221086667
0.0310547760770994
0.0682883361678257
0.019535501700603
0.0226413690477322
0.0140699404762465
0.0891046626984469
0.0863382227889822
0.00867311507931775
0.0398076105441312
0.139830408353802
0.170896167990996
0.184683016063552
0.132166009260835
0.179694353932028
0.0829596600544914
0.220510680462673
0.116429047809596
0.0892635149297473
0.120057165723416
0.204048095428596
0.0766558051791787
0.139422245088475
0.116882562548802
0.000646734884447775
0.14504582785495
0.059649002458151
0.140419977514774
0.0116671430476242
0.133481202004681
0.0372907258141947
0.0855900455419839
0.132982335791474
0.063277120371971
0.114569637378771
0.152619524000023
0.0971763943673171
0.0891945349568107
0.00157548733781032
0.0506911335962389
0.0129133558185334
0.00647344652141901
0.04976238114299
0.0872226986032626
0.0302158958823281
0.0263827435737415
0.089354217877634
0.0674711789478909
0.0247500905124628
0.0756127212789931
0.0194675965624708
0.00810609958258401
0.00128165551954107
0.108967777587133
0.0343192515101339
0.0751809295145097
0.0540471426665693
0.129920158539527
0.0430267345031655
0.0957487757007481
0.0406920863581842
0.0691728119818787
0.0637070066122408
0.0351592065397096
0.0641387983764968
0.0252036052515553
0.00182587320640659
0.0159519045714308
0.0578802949751559
0.0402602945941556
0.102908409740703
0.111888001577437
0.0522961648427475
0.0891215616681399
0.0186000197180255
0.0778743961352609
0.0713437838903451
0.0710263235729122
0.00720496894410526
0.0100285911465824
0.00635512175884746
0.00562949817606641
0.00172927141869995
0.0808104111209752
0.0423641920535863
0.0357882283348124
0.0885655131618216
0.0638154392191871
0.0720240559992397
0.00112787143842406
0.0374208813960343
0.0300285911466211
0.0190988859312177
0.0242571231390763
0.00984718525086582
0.0659923099675018
0.010152814749116
0.0577836931874493
0.140232672779295
0.0798698609879159
0.0165020210983436
0.0902435176969299
0.017409050576756
0.00929113674447644
0.0368766637089414
0.0825002464756074
0.00925761608988641
0.0433954451345323
0.0450852804891077
0.0628630582667177
0.0662190673370481
0.0953228827763121
0.0150507739328384
0.0749600709850108
0.100765059647014
0.0885655131616511
0.0167741299418901
0.0306516809620768
0.0204475993295398
0.122273489105797
0.0245864142758058
0.0983279108743921
0.0735660061125748
0.0315251897860128
0.129983239672644
0.00208025239083663
0.00657004830935302
0.0231351671103005
0.0977836931875266
0.141547865522913
0.0257990732524683
0.0328403825297449
0.0210943507839295
0.046808636497932
0.0701192940944714
0.0213664596272486
0.0302896745552799
0.0272964772763685
0.0281230238574154
0.0079869694356462
0.0111060010858948
0.0116048672990444
0.00472166331320251
0.0254019354220504
0.013101465938493
0.00389511673216974
0.0130561144646065
0.0321593050365693
0.0282137268052595
0.000811216505414211
0.0168758583245365
0.00843026412443054
0.00385998530864823
0.0387704001788363
0.00921145923157679
0.0323860624061724
0.0179087221743286
0.0226808469866712
0.0320232506147961
0.0059915045831333
0.00416722557563092
0.042998307304086
0.0434064705694057
0.033101465938418
0.0334642777298511
0.000811216505414211
0.0042681485739679
0.0484858356487878
0.0467171281658496
0.0359234773721057
0.00526588100026698
0.037284021589838
0.0407760850819416
0.0415017086646942
0.0123758423556835
0.0562862891635207
0.0339733639933941
0.0462636134267571
0.0273066973267335
0.0488486474399936
0.0561502347417475
0.0418645204560137
0.0137817380474159
0.0386445658076839
0.00525566094970303
0.0190527290730217
0.0271706429051876
0.065810098687419
0.0441320941523857
0.061411005716903
0.0815924116126582
0.038281754016137
0.00903005333580337
0.0136003321516425
0.0301638401839712
0.025119606528139
0.0195515952861144
0.0156967200026913
0.0112522755579478
0.00149148861428033
0.00104819392541073
0.0518871961930047
0.0555606655806544
0.0432250646737459
0.0296649739708785
0.00753345469652528
0.0322046565103422
0.0105266519755362
0.0162409376895569
0.0514494475038769
0.00278731598460473
0.0363056545369323
0.0314947989777887
0.0345822985278948
0.0448734837850532
0.0336716697261034
0.0313623438793092
0.0432897815210685
0.00211064319908923
0.014083432314735
0.010451715077536
0.0080516862829972
0.0428326674584833
0.0186603318576454
0.032900694669379
0.027277111902904
0.00500953820677756
0.0052852463736462
0.0147147536263356
0.0171219810675756
0.0179800597487793
0.0277306266422239
0.00605262210707684
0.0417442320842975
0.00968074002095369
0.00397005362991416
0.0324471799301728
0.0418349350321842
0.00288161825584206
0.00709570600714875
0.0396127128100398
0.0376172479574416
0.0163927581615008
0.0233315336717079
0.0237396969370275
0.030950581290781
0.0490911708599379
0.0470050030595667
0.0268725479610202
0.0124471799300773
0.0169369758483663
0.0387963862791731
0.0331274520389252
0.0290458193859559
0.0418802865061844
0.022787315984615
0.0349415109959774
0.0216081776624288
0.0585242774358358
0.0200208760751503
0.0479573840117519
0.0637850484109913
0.0350775654177506
0.0438303998847824
0.047231760429113
0.00555375589387046
0.0422884497712767
0.00541770147209723
0.000610445236261567
0.0781161141704979
0.225067223739895
0.305475387005202
0.191098969771644
0.0167468352170207
0.124864749049209
0.114207152677324
0.160486724873664
0.0622554323566643
0.119649329548082
0.00554502115804245
0.0584459085471561
0.0881511239666392
0.171008266823804
0.0982191511775167
0.0728012569857416
0.016722552538084
0.0615298087739401
0.0826182441481077
0.183207813309053
0.0600332101343778
0.0926652025639502
0.0834799221525767
0.0773364043780308
0.155089899476792
0.140849536665058
0.0423007838306543
0.0467905797489433
0.0147967218383943
0.0115978359848153
0.236314389272792
0.234772439159513
0.203706679522355
0.145566089953007
0.0601028442872863
0.0831624618351438
0.160033210134287
0.113457246415436
0.0419833235129939
0.0575842305424598
0.159987858660514
0.0519395789811202
0.265384684057352
0.0394889924473031
0.042482189726314
0.0223007838305588
0.202914635670396
0.0190808291820016
0.0447951148964588
0.0396039780739844
0.039216883603984
0.105293981109497
0.247017337118421
0.308332529862326
0.108196475440507
0.259670398343104
0.150373346188843
0.160396021925834
0.0632078133091621
0.121121645508736
0.147516203331605
0.170216222971959
0.0303482477001557
0.129667975591312
0.102819903028975
0.00951569787807019
0.0276725107386843
0.0680644507125672
0.0522076581309838
0.0596452998543404
0.0321914348395731
0.011148350939292
0.0430304371070898
0.0283981343214654
0.177225448444941
0.0857061740685177
0.13432295411391
0.137815017605957
0.0974068543406739
0.19690798812749
0.0520262522353241
0.00919823756058038
0.0226384971332172
0.0463573179949625
0.0820780561547545
0.17595560717521
0.168744722821342
0.0181778293973858
0.00227568534191589
0.0338694393746246
0.0484726139776777
0.0808989178327957
0.0829397341591667
0.0180871264496128
0.0551555039358808
0.0921914348395186
0.111828623048181
0.0769533396015996
0.0288807772430155
0.0166521025756501
0.00511660490738366
0.115971830466693
0.0306948362000677
0.206114337333842
0.146477149125216
0.0337787364268516
0.1419873532067
0.0722367863135369
0.0523728407353284
0.144028169533298
0.0377696661320479
0.0676109359734747
0.127066718286327
0.0713297568351246
0.0695610493520727
0.146477149125216
0.164254926903053
0.0547764688530188
0.0606721604630403
0.141533838467607
0.0845402267573635
0.0338826303854825
0.0917057596371843
0.0288939682539587
0.0509801360544112
0.0155152834466941
0.0787805895691543
0.063723900226753
0.0725674376416999
0.00684299319733321
0.0582363718820512
0.0288939682539445
0.0976468027210922
0.0347443083900226
0.0226808163265469
0.0415016780044562
0.078689886621296
0.0464348299319772
0.015505124716592
0.0643588208616757
0.0124767346938962
0.00322503401365799
0.00735201814062754
0.0332930612244036
0.0860821768708229
0.0678962358276659
0.0578282086167883
0.0219098412697941
0.0401763265305225
0.0476694784582515
0.0650390929705418
0.0279767800453873
0.0318418140590121
0.00100281179117252
0.00371374149666275
0.0750164172335327
0.0517511111109935
0.0608667573695721
0.0815923809524202
0.00883845804981769
0.0297001360542117
0.0184983219952618
0.0366490702948477
0.020503945578289
0.0243940136055107
0.0723406802722957
0.0504359183672614
0.0164223129250923
0.0168304761906393
0.0454019047618795
0.0443134693876937
0.0483951020408904
0.0239053061226196
0.0135198185940818
0.0484756462586892
0.0446309297052404
0.0886218594104003
0.00290757369599766
0.0220912471655675
0.00367854875286418
0.00589061224480696
0.0884404535146269
0.0841774149661115
0.00621823129255523
