"s0"
0.0638352148794632
-0.00223329379711756
0
0
0
-0.012708894952273
-0.00682384669107483
-0.0100837929962497
-0.0112540583863239
-0.0152540393250052
0
-0.000723544884511
-0.0183753470725688
0
0.00134405243285924
0
0
0
-0.0174631364585903
-0.00674083020007897
-0.0501370901665354
0.0192677729223778
0
0.162362434862198
-0.0106040879249994
0.000712808480714176
0
0
0
0.0293367586014608
0
-0.0235921656801
0
0
0
0
0
0
0
0
0
0
0
0
0
0
0
0
0
0
0
0
0
0
0
0
0
0
0
0
0
0
0
0
0
0
0
0
0
0
0
0
0
0
0
0
-0.0288194454444779
0
0
0.0104489819244966
0
0
0
0
0
0
0
0
0
0
0
-0.000170438356654117
0
0
0
0
0
0
0
0
0
0
0
0
0
0
0
0
0
0
0
0
