
-----
Diagnostic Checks
-----

Divergent Transitions: Failed
	58  divergences
Convergence: Passed
*** Diagnostics failed. Do not interpret estimates. ***

-----

-----
Location Intercepts
-----

      item  Mean Median    SD  Q2.5 Q97.5
 deviation 0.379   0.39 0.113 0.146 0.559

-----
Location model (Fixed effects)
-----

Variable : deviation
          predictor      Mean    Median       SD      Q2.5     Q97.5
         musicality -3.82e-02 -3.80e-02 0.013010 -0.065569 -0.012117
              trial  6.09e-04  6.07e-04 0.000163  0.000291  0.000931
            session -1.39e-02 -1.39e-02 0.004060 -0.021901 -0.006008
          BP_within -1.18e-03 -1.18e-03 0.000477 -0.002117 -0.000248
         BP_between  2.89e-02  2.82e-02 0.011814  0.008330  0.052475
  ERD1_alpha_within  8.09e-06  1.39e-06 0.001213 -0.002387  0.002375
 ERD1_alpha_between  1.01e-01  1.03e-01 0.037034  0.024921  0.168620
  ERD2_alpha_within  1.25e-03  1.25e-03 0.001199 -0.001115  0.003596
 ERD2_alpha_between -1.50e-01 -1.52e-01 0.038538 -0.219154 -0.063899
   ERD1_beta_within -9.16e-04 -8.99e-04 0.001644 -0.004180  0.002307
  ERD1_beta_between  9.08e-03  6.39e-03 0.032897 -0.044554  0.085768
   ERD2_beta_within -1.66e-03 -1.66e-03 0.001661 -0.004898  0.001681
  ERD2_beta_between -1.92e-02 -1.50e-02 0.037031 -0.105114  0.041974


-----
(Log) Scale Intercepts
-----

      item   Mean Median  SD  Q2.5 Q97.5
 deviation -0.412 -0.421 0.5 -1.37  0.59

-----
Scale model (Fixed effects)
-----

Variable : deviation
          predictor     Mean   Median      SD     Q2.5    Q97.5
         musicality -0.51708 -0.51571 0.05349 -0.62407 -0.41771
              trial  0.00349  0.00350 0.00306 -0.00249  0.00958
            session -0.09904 -0.09900 0.07595 -0.24732  0.04947
          BP_within -0.00547 -0.00549 0.00776 -0.02067  0.00961
         BP_between -0.05460 -0.05474 0.04606 -0.14549  0.03794
  ERD1_alpha_within  0.03138  0.03140 0.02111 -0.01017  0.07314
 ERD1_alpha_between  1.14858  1.15113 0.09703  0.96154  1.32579
  ERD2_alpha_within -0.00352 -0.00342 0.02104 -0.04420  0.03755
 ERD2_alpha_between -1.29037 -1.29208 0.12529 -1.52094 -1.06428
   ERD1_beta_within -0.01737 -0.01715 0.02891 -0.07363  0.03977
  ERD1_beta_between -0.65917 -0.69069 0.31172 -1.19271  0.01105
   ERD2_beta_within -0.00881 -0.00883 0.03002 -0.06811  0.05030
  ERD2_beta_between  0.09355  0.11405 0.22576 -0.38560  0.48779


-----
Between-group scale model
-----

Variable : deviation
 param          predictor      Mean    Median    SD    Q2.5   Q97.5
    mu         musicality  0.040433  0.039662 0.434 -0.8188  0.9030
    mu              trial -0.001957  0.007030 0.162 -0.3587  0.2967
    mu            session  0.003044 -0.000864 1.008 -1.9612  1.9899
    mu          BP_within  0.481828  0.468415 0.231  0.0593  0.9779
    mu         BP_between -0.441734 -0.441092 0.333 -1.1001  0.2166
    mu  ERD1_alpha_within -0.300577 -0.283787 0.396 -1.1217  0.4417
    mu ERD1_alpha_between  0.967974  0.987001 0.708 -0.4920  2.3169
    mu  ERD2_alpha_within  0.104311  0.067292 0.454 -0.6911  1.1136
    mu ERD2_alpha_between -0.060061 -0.062204 0.803 -1.6196  1.5389
    mu   ERD1_beta_within  0.719780  0.694718 0.641 -0.4833  2.0291
    mu  ERD1_beta_between -0.496599 -0.485146 0.865 -2.2116  1.1979
    mu   ERD2_beta_within -0.164778 -0.158376 0.582 -1.3364  0.9642
    mu  ERD2_beta_between -1.079808 -1.076881 0.801 -2.6350  0.4878
 logsd         musicality  0.319061  0.315247 0.493 -0.6452  1.2954
 logsd              trial -1.062744 -0.982021 0.627 -2.4627 -0.0731
 logsd            session  0.000119  0.000656 0.997 -1.9364  1.9605
 logsd          BP_within  0.348628  0.328190 0.270 -0.1298  0.9446
 logsd         BP_between -0.083277 -0.072213 0.312 -0.7344  0.4989
 logsd  ERD1_alpha_within  1.041476  1.025079 0.504  0.1035  2.1018
 logsd ERD1_alpha_between -0.075090 -0.081217 0.761 -1.5582  1.4349
 logsd  ERD2_alpha_within  0.166535  0.159282 0.631 -1.0723  1.4310
 logsd ERD2_alpha_between  0.057941  0.059875 0.818 -1.5461  1.6602
 logsd   ERD1_beta_within  0.709246  0.711031 0.673 -0.6209  2.0176
 logsd  ERD1_beta_between  0.157648  0.161582 0.839 -1.4923  1.7863
 logsd   ERD2_beta_within -0.368163 -0.400108 0.785 -1.8313  1.2457
 logsd  ERD2_beta_between  0.059494  0.054921 0.832 -1.5513  1.6893


-----
Random effect standard deviations
	Note: Between-group scale model used.
	'mu' and 'logsd' represent RE-SDs when between-group covariates are zero.
-----

    factor param  Mean Median    SD    Q2.5 Q97.5
 deviation    mu 0.486  0.309 0.518 0.00167  1.84
 deviation logsd 0.697  0.561 0.571 0.01902  2.10

-----
Random effect correlations (Posterior Means (Lower) and SDs (Upper))
	Note: See summary(out)$summary$Omega_mean_logsd for full summary.
-----

                deviation_mu deviation_logsd
deviation_mu           1.000           0.273
deviation_logsd        0.724           1.000
$group
   [1]  1  1  1  1  1  1  1  1  1  1  1  1  1  1  1  1  1  1  1  1  1  1  1  1  1
  [26]  1  1  1  1  1  1  1  1  1  1  1  1  1  1  1  1  1  1  1  1  1  1  1  1  1
  [51]  1  1  1  1  1  1  1  1  2  2  2  2  2  2  2  2  2  2  2  2  2  2  2  2  2
  [76]  2  2  2  2  2  2  2  2  2  2  2  2  2  2  2  2  2  2  2  2  2  2  2  2  2
 [101]  2  2  2  2  2  2  2  2  2  2  2  2  2  2  2  2  2  2  2  2  2  2  2  2  2
 [126]  2  3  3  3  3  3  3  3  3  3  3  3  3  3  3  3  3  3  3  3  3  3  3  3  3
 [151]  3  3  3  3  3  3  3  3  3  3  3  3  3  3  3  3  3  3  3  3  3  3  3  3  3
 [176]  3  4  4  4  4  4  4  4  4  4  4  4  4  4  4  4  4  4  4  4  4  4  4  4  4
 [201]  4  4  4  4  4  4  4  4  4  4  4  4  4  4  4  4  4  4  4  4  4  4  4  4  4
 [226]  4  4  4  4  4  4  4  4  4  4  4  4  4  4  4  4  4  4  4  4  4  4  4  5  5
 [251]  5  5  5  5  5  5  5  5  5  5  5  5  5  5  5  5  5  5  5  5  5  5  5  5  5
 [276]  5  5  5  5  5  5  5  5  5  5  5  5  5  5  5  5  5  5  5  5  5  5  5  5  5
 [301]  5  5  5  5  5  6  6  6  6  6  6  6  6  6  6  6  6  6  6  6  6  6  6  6  6
 [326]  6  6  6  6  6  6  6  6  6  6  6  6  6  6  6  6  6  6  6  6  6  6  6  6  6
 [351]  6  6  6  6  6  6  6  6  6  6  6  6  6  6  6  6  6  7  7  7  7  7  7  7  7
 [376]  7  7  7  7  7  7  7  7  7  7  7  7  7  7  7  7  7  7  7  7  7  7  7  7  7
 [401]  7  7  7  7  7  7  7  8  8  8  8  8  8  8  8  8  8  8  8  8  8  8  8  8  8
 [426]  8  8  8  8  8  8  8  8  8  8  8  8  8  8  8  8  8  8  8  8  8  8  8  8  8
 [451]  8  8  8  8  8  8  8  8  8  8  8  8  8  8  8  8  8  8  8  8  8  8  8  8  8
 [476]  8  8  8  8  8  8  9  9  9  9  9  9  9  9  9  9  9  9  9  9  9  9  9  9  9
 [501]  9  9  9  9  9  9  9  9  9  9  9  9  9  9  9  9  9  9  9  9  9  9  9  9  9
 [526]  9  9  9  9  9  9  9  9  9  9  9  9  9  9  9  9 10 10 10 10 10 10 10 10 10
 [551] 10 10 10 10 10 10 10 10 10 10 10 10 10 10 10 10 10 10 10 10 10 10 10 10 10
 [576] 10 10 10 10 10 10 10 10 10 10 10 10 10 10 10 10 10 10 10 10 10 10 10 10 10
 [601] 10 10 10 10 10 10 11 11 11 11 11 11 11 11 11 11 11 11 11 11 11 11 11 11 11
 [626] 11 11 11 11 11 11 11 11 11 11 11 11 11 11 11 11 11 11 11 11 11 11 11 11 11
 [651] 11 11 11 11 11 11 11 11 11 11 11 11 12 12 12 12 12 12 12 12 12 12 12 12 12
 [676] 12 12 12 12 12 12 12 12 12 12 12 12 12 12 12 12 12 12 12 12 12 12 12 12 12
 [701] 12 12 12 12 12 12 12 12 12 12 12 12 12 12 12 12 12 12 12 12 12 12 12 12 12
 [726] 12 12 12 12 13 13 13 13 13 13 13 13 13 13 13 13 13 13 13 13 13 13 13 13 13
 [751] 13 13 13 13 13 13 13 13 13 13 13 13 13 13 13 13 13 13 13 13 13 13 13 13 13
 [776] 13 13 13 13 13 13 13 13 13 13 13 13 13 13 13 13 13 13 13 13 13 13 13 13 13
 [801] 13 13 14 14 14 14 14 14 14 14 14 14 14 14 14 14 14 14 14 14 14 14 14 14 14
 [826] 14 14 14 14 14 14 14 14 14 14 14 14 14 14 14 14 14 14 14 14 14 14 14 14 14
 [851] 14 14 14 14 14 14 14 14 14 14 14 14 14 14 14 14 14 14 14 14 14 14 14 14 15
 [876] 15 15 15 15 15 15 15 15 15 15 15 15 15 15 15 15 15 15 15 15 15 15 15 15 15
 [901] 15 15 15 15 15 15 15 15 15 15 15 15 15 15 15 15 15 15 15 15 15 15 15 15 15
 [926] 15 15 15 15 15 15 15 15 15 15 15 15 15 15 15 15 15 15 15 15 16 16 16 16 16
 [951] 16 16 16 16 16 16 16 16 16 16 16 16 16 16 16 16 16 16 16 16 16 16 16 16 16
 [976] 16 16 16 16 16 16 16 16 16 16 16 16 16 16 16 16 16 16 16 16 16 16 16 16 16
 [ reached getOption("max.print") -- omitted 275 entries ]

$K
[1] 20

$y
         deviation
1     0.0790022676
2     0.1572789116
3     0.0261678005
4     0.0741496599
5     0.0980952381
6     0.0629024943
7     0.0976417234
8     0.0549206349
9     0.1010430839
10    0.0591383220
11    0.0971882086
12    0.1135147392
13    0.0543764172
14    0.0864852608
15    0.0878911565
16    0.0795464853
17    0.0706575964
18    0.0883900227
19    0.1456235828
20    0.0869841270
21    0.0719727891
22    0.0909750567
23    0.1092517007
24    0.0670748299
25    0.0810884354
26    0.1146485261
27    0.1056689342
28    0.1267120181
29    0.1331972789
30    0.1453061224
31    0.1353741497
32    0.1599546485
33    0.0212698413
34    0.0938775510
35    0.0684353741
36    0.0420861678
37    0.1131065760
38    0.0607256236
39    0.1453514739
40    0.1391383220
41    0.0448072562
42    0.0071201814
43    0.0732879819
44    0.0859863946
45    0.0917913832
46    0.0804988662
47    0.0717006803
48    0.0668027211
49    0.0080725624
50    0.0792290249
51    0.0404081633
52    0.0582312925
53    0.0414058957
54    0.0413151927
55    0.0755555556
56    0.0602267574
57    0.1149659864
58    0.0475736961
59    0.0729251701
60    0.0658049887
61    0.0429478458
62    0.0828117914
63    0.0799546485
64    0.0369614512
65    0.0674829932
66    0.0244444444
67    0.0298866213
68    0.0584126984
69    0.0139682540
70    0.0473015873
71    0.0162811791
72    0.0653061224
73    0.0373242630
74    0.0721088435
75    0.0375056689
76    0.0588662132
77    0.0269841270
78    0.0242176871
79    0.0024036281
80    0.0377777778
81    0.0310657596
82    0.0330612245
83    0.0408163265
84    0.0458503401
85    0.0736507937
86    0.0556462585
87    0.0641723356
88    0.0624489796
89    0.0718820862
90    0.0595918367
91    0.0902040816
92    0.0468027211
93    0.0251700680
94    0.0166893424
95   -0.0114739229
96    0.0105668934
97    0.0522902494
98   -0.0286621315
99   -0.0121541950
100  -0.0053061224
101   0.0532426304
102  -0.0121995465
103   0.0052154195
104   0.0419047619
105   0.0203628118
106   0.1001814059
107   0.0219047619
108   0.0161451247
109   0.0884807256
110   0.0003174603
111  -0.0228117914
112  -0.0019501134
113  -0.0050793651
114   0.0303854875
115   0.0128344671
116   0.0357823129
117   0.0258049887
118   0.0326530612
119   0.0293877551
120   0.0058049887
121   0.0639002268
122  -0.0101133787
123   0.0238095238
124   0.0412244898
125   0.1042176871
126   0.0551020408
127   0.1479818594
128   0.3095238095
129   0.2150113379
130   0.2590022676
131   0.1701133787
132   0.2418594104
133   0.2327891156
134   0.0839455782
135   0.1302494331
136   0.1706575964
137   0.0523356009
138  -0.0186394558
139   0.0163718821
140   0.0667573696
141  -0.0085714286
142   0.1339229025
143   0.2149659864
144   0.1175963719
145   0.1564625850
146   0.1647619048
147   0.2208616780
148   0.2538321995
149  -0.0521088435
150   0.0634467120
151  -0.0935147392
152   0.0712925170
153   0.3103854875
154  -0.0905215420
155  -0.0185487528
156   0.2721541950
157   0.0868027211
158   0.0021315193
159   0.1452154195
160  -0.0238548753
161   0.0487981859
162   0.0913378685
163  -0.0042176871
164   0.0309750567
165   0.1458503401
166   0.1155555556
167   0.0360090703
168   0.0271201814
169   0.1022675737
170   0.1291156463
171   0.0625396825
172   0.0306575964
173  -0.0111564626
174  -0.1280272109
175  -0.0862585034
176   0.0198639456
177   0.0150566893
178  -0.0085714286
179   0.0081632653
180  -0.0007256236
181   0.0207709751
182   0.0648979592
183   0.0271201814
184   0.0151473923
185  -0.0224036281
186   0.0770521542
187  -0.0120634921
188  -0.0007256236
189  -0.0010884354
190   0.0132879819
191  -0.0015419501
192   0.0379591837
193   0.0607256236
194   0.0316099773
195   0.0575963719
196   0.0174603175
197  -0.0273469388
198  -0.0433106576
199   0.0214965986
200  -0.0208163265
201   0.0428117914
202   0.0139682540
203   0.0180045351
204  -0.0136507937
205   0.0357823129
206   0.0534693878
207   0.0013605442
208   0.0521088435
209  -0.0212698413
210   0.0468480726
211  -0.0023129252
212  -0.0291609977
213  -0.0081632653
214   0.0423129252
215   0.0118367347
216  -0.0062585034
217   0.0079365079
218   0.0402267574
219  -0.0140589569
220   0.0404535147
221   0.0625396825
222   0.0526984127
223   0.0834467120
224   0.0470748299
225   0.0118820862
226   0.0603174603
227   0.0663038549
228   0.0390022676
229   0.0079365079
230   0.0339682540
231   0.0031746032
232  -0.0055328798
233   0.0214058957
234  -0.0339682540
235  -0.0273922902
236   0.0226757370
237   0.0289342404
238   0.0184580499
239   0.0423129252
240  -0.0248526077
241  -0.0102947846
242  -0.0113378685
243   0.0027664399
244   0.0341496599
245   0.0133333333
246  -0.0028571429
247   0.0250793651
248  -0.0187755102
249   0.0678911565
250   0.0612244898
251   0.0432199546
252   0.0486167800
253   0.0980498866
254   0.0551473923
255   0.0699319728
256   0.0809070295
257   0.1117460317
258   0.0133333333
259   0.0214058957
260   0.0441723356
261   0.0727437642
262   0.0458503401
263   0.0565986395
264   0.0575510204
265   0.0426757370
266   0.0810430839
267   0.0273469388
268   0.0513378685
269   0.0725170068
270   0.0659410431
271   0.0259410431
272   0.0777777778
273   0.0839909297
274   0.0260770975
275   0.0855328798
276   0.0674376417
277   0.0331972789
278   0.0356462585
279   0.0413605442
280   0.0767346939
281   0.0469387755
282   0.0647619048
283   0.0151473923
284   0.0161904762
285   0.0427664399
286   0.0575510204
287   0.0273922902
288   0.0863492063
289   0.0200000000
290   0.1103854875
291   0.0577324263
292   0.0391836735
293   0.0380952381
294   0.0124263039
295   0.0318367347
296   0.0531519274
297   0.0261224490
298   0.0458956916
299   0.0723356009
300   0.1091156463
301   0.0761451247
302   0.0622222222
303   0.0565532880
304   0.0806802721
305   0.1022675737
306  -0.0082539683
307  -0.0120181406
308  -0.0462585034
309  -0.0029478458
310   0.0021315193
311  -0.0843083900
312   0.0235374150
313  -0.0716553288
314  -0.0797278912
315  -0.0133786848
316  -0.0026757370
317  -0.0755102041
318  -0.0189115646
319  -0.0224943311
320   0.0161451247
321   0.0600907029
322  -0.0286621315
323   0.0042176871
324  -0.0403174603
325  -0.0794104308
326  -0.0206802721
327   0.0015419501
328   0.0646712018
329   0.0932426304
330  -0.0637641723
331  -0.0158730159
332   0.0056689342
333  -0.0082086168
334  -0.1160997732
335   0.0920181406
336  -0.0312018141
337  -0.0478004535
338  -0.0500226757
339   0.0144671202
340   0.0258956916
341  -0.0628117914
342  -0.0230385488
343   0.0709297052
344  -0.0637641723
345  -0.0676190476
346   0.0221768707
347  -0.0521995465
348   0.0439002268
349  -0.0814965986
350  -0.0194104308
351   0.0356009070
352   0.0766893424
353  -0.0983673469
354  -0.0359183673
355  -0.0250793651
356  -0.0384580499
357  -0.0272562358
358  -0.0356462585
359  -0.0265306122
360   0.0161904762
361  -0.0341950113
362   0.0057142857
363   0.0736054422
364  -0.0095691610
365   0.0314285714
366  -0.0548752834
367   0.0063038549
368   0.0155555556
369   0.0181859410
370  -0.0707482993
371  -0.0548299320
372   0.1408163265
373   0.0271655329
374   0.1500226757
375   0.2074376417
376   0.1633560091
377   0.1262585034
378   0.0084353741
379   0.0591383220
380   0.0728344671
381   0.1223129252
382   0.2432653061
383  -0.0334240363
384   0.1186394558
385   0.1744671202
386   0.2031292517
387   0.2012244898
388   0.1478911565
389   0.0319274376
390   0.1791383220
391   0.1073469388
392   0.2276190476
393   0.2094784580
394   0.2687528345
395   0.2480272109
396   0.1409070295
397   0.2772789116
398   0.1659410431
399   0.1658503401
400   0.3116553288
401   0.1372789116
402   0.0763265306
403   0.0380952381
404   0.0926530612
405   0.0975056689
406   0.2950113379
407   0.1046712018
408   0.0504761905
409   0.0017233560
410  -0.0092517007
411   0.0205895692
412   0.0076190476
413  -0.0088888889
414  -0.0214965986
415   0.0133786848
416  -0.0053968254
417   0.0434467120
418   0.0510657596
419   0.0183673469
420   0.0300680272
421   0.0505668934
422   0.0585941043
423   0.0751473923
424   0.0542403628
425   0.0821315193
426  -0.0044897959
427   0.1027210884
428   0.0264399093
429   0.0131065760
430   0.0322902494
431   0.0765986395
432   0.0743310658
433   0.0453061224
434   0.0844897959
435   0.0222675737
436   0.0652154195
437   0.0309297052
438   0.0391383220
439   0.0280725624
440   0.0915192744
441   0.0736507937
442   0.0874829932
443   0.0770068027
444   0.0526984127
445   0.1048072562
446   0.1018594104
447   0.0632653061
448   0.0648979592
449   0.0794104308
450   0.0895691610
451   0.0577324263
452   0.1306575964
453   0.1339682540
454   0.1404535147
455   0.0668480726
456   0.1117460317
457   0.1430839002
458   0.0797732426
459   0.1417687075
460   0.0725170068
461   0.0468934240
462   0.1250793651
463   0.1351927438
464   0.1162811791
465   0.0954648526
466   0.1376870748
467   0.1180498866
468   0.1263492063
469   0.1561904762
470   0.0770068027
471   0.0590476190
472   0.0962811791
473   0.1443990930
474   0.0769160998
475   0.0998639456
476   0.1101587302
477   0.1398639456
478   0.0921541950
479   0.1364625850
480   0.1471201814
481   0.1214058957
482  -0.0918367347
483  -0.0545124717
484  -0.0912018141
485   0.0463945578
486  -0.0155102041
487  -0.0322448980
488   0.0534693878
489  -0.1036734694
490  -0.0212244898
491   0.0376417234
492  -0.0002267574
493   0.0141950113
494   0.0093877551
495   0.0853968254
496  -0.0146485261
497  -0.0103854875
498  -0.0318367347
499  -0.0485260771
500  -0.0391836735
501  -0.0163718821
502  -0.0131065760
503   0.0196825397
504   0.0535147392
505   0.0734693878
506  -0.0376870748
507  -0.0308843537
508  -0.0521088435
509  -0.0477097506
510  -0.0748299320
511  -0.0096598639
512  -0.0122448980
513  -0.0341496599
514  -0.0260770975
515  -0.0202267574
516   0.0752834467
517  -0.1106122449
518  -0.0357823129
519  -0.0294784580
520  -0.0434467120
521  -0.0536054422
522   0.0234013605
523  -0.0004081633
524  -0.0107482993
525  -0.0450340136
526  -0.0190022676
527   0.0556916100
528  -0.0343310658
529  -0.0534693878
530  -0.0573242630
531  -0.0107936508
532  -0.0539229025
533   0.0399092971
534   0.0282539683
535   0.0207709751
536  -0.0409070295
537   0.0395011338
538  -0.0124716553
539  -0.0007709751
540   0.0198639456
541  -0.0185487528
542   0.0944671202
543   0.1044444444
544   0.0205895692
545   0.0789115646
546   0.0664852608
547   0.0601360544
548   0.1133333333
549   0.0975056689
550   0.1268934240
551   0.0858049887
552   0.0935600907
553   0.0870294785
554   0.0448072562
555   0.1270294785
556   0.0525170068
557   0.0565986395
558   0.1286621315
559   0.1143310658
560   0.0887981859
561   0.1063945578
562   0.1073922902
563   0.1603628118
564   0.0998639456
565   0.1049886621
566   0.0919274376
567   0.1339682540
568   0.0884807256
569   0.0591383220
570   0.1220408163
571   0.0983673469
572   0.0864399093
573   0.0695238095
574  -0.0084807256
575   0.1005442177
576   0.0516553288
577   0.0969160998
578   0.0312471655
579   0.1221315193
580   0.1266213152
581   0.1992743764
582   0.1522902494
583   0.1510657596
584   0.0648072562
585   0.0761904762
586   0.2093424036
587   0.0485260771
588   0.1034013605
589   0.1167346939
590   0.0850340136
591   0.0702947846
592   0.0280272109
593   0.1519274376
594   0.2303854875
595   0.2047619048
596   0.2122902494
597   0.2072562358
598   0.1816780045
599   0.2081179138
600   0.1387301587
601   0.2197278912
602   0.2287981859
603   0.1465306122
604   0.1861224490
605   0.1443990930
606   0.1181405896
607   0.0779591837
608   0.0369160998
609   0.1118820862
610   0.2494784580
611   0.0453514739
612   0.0413605442
613   0.0580045351
614   0.0701587302
615   0.1737414966
616   0.2100680272
617   0.0760997732
618   0.2380952381
619   0.1659863946
620   0.1222675737
621   0.0894331066
622   0.2330158730
623   0.1229478458
624   0.0941043084
625   0.2498866213
626   0.2252154195
627   0.2560090703
628   0.0745124717
629   0.1692063492
630   0.2164172336
631   0.0584580499
632   0.1027664399
633   0.1429931973
634   0.0224943311
635   0.2039909297
636   0.1669841270
637   0.1573696145
638   0.2459410431
639   0.0853968254
640   0.1115646259
641   0.0746031746
642   0.1757823129
643   0.0178231293
644   0.0773696145
645   0.0523356009
646   0.0705668934
647   0.0833106576
648   0.1388662132
649   0.0340136054
650   0.0731519274
651   0.1194104308
652   0.1066666667
653   0.0911564626
654   0.0678911565
655   0.1866666667
656   0.0159637188
657   0.1763718821
658   0.1218594104
659   0.1491609977
660   0.0751473923
661   0.0951020408
662   0.0782312925
663   0.3977324263
664   0.0501133787
665  -0.1415873016
666   0.1479365079
667   0.1894331066
668  -0.0468027211
669   0.3651247166
670   0.3582312925
671   0.6948752834
672   0.4777777778
673   0.2809523810
674   0.0106122449
675   0.2916099773
676  -0.1181405896
677  -0.0007709751
678   0.4335600907
679   0.4112471655
680   0.1739682540
681   0.0635374150
682   0.1190929705
683   0.3103854875
684   0.3375510204
685  -0.0386394558
686   0.0545578231
687   0.4730612245
688   0.1580952381
689  -0.0140589569
690   0.2905215420
691   0.1509750567
692   0.1453061224
693   0.1373242630
694   0.2937414966
695   0.4019954649
696   0.0434013605
697   0.1175963719
698   0.2086621315
699   0.3507029478
700   0.1500680272
701   0.3209070295
702   0.2635827664
703   0.5942403628
704  -0.0809523810
705  -0.0338775510
706   0.2185034014
707   0.3281632653
708   0.4384126984
709   0.0979591837
710   0.3208616780
711   0.4815419501
712   0.5096145125
713   0.5393197279
714  -0.0018140590
715   0.2756462585
716   0.4720181406
717   0.2782766440
718   0.0189569161
719   0.5026303855
720   0.7079818594
721   0.4135600907
722   0.4346485261
723   0.3282539683
724   0.2489342404
725   0.4069841270
726   0.5031292517
727   0.5839909297
728   0.5495238095
729   0.3913832200
730  -0.0025850340
731   0.0542857143
732   0.0063038549
733  -0.0083446712
734   0.0522902494
735  -0.0407709751
736  -0.0061224490
737  -0.0248072562
738   0.0376417234
739  -0.0282539683
740  -0.0231292517
741  -0.0120181406
742  -0.0289342404
743  -0.0168707483
744  -0.0119274376
745  -0.0335600907
746   0.0229024943
747  -0.0180045351
748   0.0031746032
749   0.0826757370
750  -0.0139682540
751  -0.0131519274
752  -0.0265306122
753  -0.0022675737
754  -0.0035374150
755   0.0187301587
756   0.0068027211
757   0.0797732426
758   0.0796825397
759   0.0728798186
760   0.0718820862
761   0.0669841270
762   0.0413151927
763   0.0419954649
764   0.0556916100
765   0.0560997732
766   0.0382312925
767   0.0247165533
768   0.0348299320
769   0.0259863946
770  -0.0211791383
771   0.0369160998
772   0.0161451247
773   0.0873922902
774   0.0057142857
775  -0.0278004535
776   0.0721995465
777   0.0113832200
778   0.0435374150
779   0.0717913832
780   0.0439455782
781  -0.0389569161
782   0.0044444444
783   0.0068480726
784   0.0643083900
785   0.0393650794
786   0.0394557823
787   0.0165532880
788  -0.0039455782
789   0.0400907029
790   0.0692063492
791  -0.0258503401
792  -0.0163718821
793  -0.0155102041
794   0.0050793651
795   0.0154195011
796   0.0182312925
797   0.0024036281
798   0.0076643991
799  -0.0476643991
800   0.0370975057
801   0.0051247166
802  -0.0273469388
803   0.0756009070
804   0.2201814059
805   0.1962811791
806   0.0621768707
807  -0.0987755102
808   0.1400000000
809   0.2240816327
810   0.0084353741
811  -0.0460770975
812   0.0144671202
813  -0.0108390023
814   0.1425396825
815   0.0627664399
816   0.1456235828
817   0.3538775510
818   0.3450340136
819   0.1073015873
820  -0.0236281179
821   0.1419047619
822   0.1456235828
823   0.3545578231
824  -0.1055328798
825   0.1087074830
826   0.0341950113
827   0.1551020408
828   0.0382766440
829   0.3018140590
830  -0.0899319728
831   0.2467573696
832   0.2423582766
833   0.1437188209
834   0.0317913832
835  -0.0386848073
836   0.1751020408
837   0.2219954649
838   0.0677097506
839   0.0170521542
840   0.0139682540
841   0.3950113379
842   0.2978231293
843   0.2237188209
844   0.0951473923
845   0.4391836735
846   0.2701587302
847   0.0393197279
848   0.1716553288
849   0.2322448980
850   0.2230839002
851   0.2649433107
852   0.2697959184
853   0.1824489796
854   0.2068027211
855  -0.0424489796
856   0.3056235828
857   0.1397732426
858   0.2876190476
859   0.3001814059
860   0.3032653061
861   0.2666666667
862   0.5148752834
863   0.4515192744
864   0.3299319728
865   0.2657142857
866   0.2187301587
867   0.3035374150
868   0.3014965986
869   0.3071201814
870   0.2864399093
871   0.3440362812
872   0.2840816327
873   0.2426303855
874   0.2562811791
875   0.0782766440
876   0.1584580499
877   0.2529251701
878   0.1473469388
879   0.0360544218
880   0.1394104308
881   0.0790929705
882   0.1579591837
883   0.0686621315
884   0.0283446712
885   0.0436281179
886  -0.0445351474
887   0.0336054422
888   0.1176870748
889   0.0881632653
890   0.1605442177
891   0.0664399093
892   0.0882086168
893   0.1413151927
894   0.0321541950
895   0.0215419501
896   0.0053514739
897  -0.0495238095
898   0.1105215420
899   0.0897959184
900  -0.0120181406
901   0.0523356009
902   0.0556009070
903   0.0184580499
904   0.2729251701
905   0.2699319728
906   0.1511564626
907   0.0054421769
908  -0.0163718821
909   0.0381405896
910  -0.0267120181
911  -0.0643990930
912   0.0707482993
913   0.1082086168
914   0.1334693878
915   0.1805442177
916   0.0743310658
917   0.0033560091
918   0.0346485261
919   0.1193197279
920   0.0231746032
921   0.0487981859
922   0.0426303855
923   0.1761904762
924   0.1172789116
925  -0.0273922902
926   0.2079365079
927   0.1770975057
928   0.1934693878
929   0.0916553288
930   0.0844897959
931   0.2135600907
932   0.0702947846
933   0.1792743764
934   0.1604988662
935  -0.0160544218
936  -0.0265306122
937   0.0139229025
938   0.0104308390
939   0.1689342404
940   0.0868480726
941   0.1727891156
942   0.2474829932
943   0.0942403628
944   0.1213605442
945   0.1068480726
946   0.0252154195
947  -0.0031746032
948  -0.0151020408
949   0.0130158730
950  -0.0115646259
951  -0.0017233560
952   0.0105668934
953   0.0234920635
954   0.0260317460
955   0.0160090703
956   0.0440816327
957   0.0480272109
958   0.0405442177
959   0.0265759637
960   0.0224943311
961  -0.0116099773
962   0.0091156463
963   0.0252607710
964  -0.0124716553
965   0.0077551020
966   0.0376870748
967   0.0385941043
968   0.0366893424
969   0.0239455782
970   0.0185941043
971   0.0263945578
972   0.0352380952
973   0.0291156463
974   0.0390929705
975   0.0345124717
976   0.0127891156
977  -0.0035827664
978   0.0100226757
979   0.0043990930
980   0.0016780045
981  -0.0100680272
982   0.0311111111
983   0.0369160998
984   0.0414965986
985   0.0092970522
986   0.0161904762
987  -0.0039455782
988   0.0032199546
989   0.0092970522
990   0.0165079365
991  -0.0141950113
992   0.0144217687
993   0.0112925170
994   0.0122902494
995   0.0038548753
996   0.0280725624
997   0.0187755102
998   0.0081632653
999   0.0153741497
1000  0.0081632653
 [ reached getOption("max.print") -- omitted 275 rows ]

$J_f
[1] 1

$F_ind
     [,1]
[1,]    1

$J
[1] 1

$F
[1] 1

$N
[1] 1275

$L2_pred_only
[1] FALSE

$P
[1] 13

$Q
[1] 13

$R
[1] 13

$P_random
[1] 0

$Q_random
[1] 0

$P_random_ind
integer(0)

$Q_random_ind
integer(0)

$x_loc
       musicality trial session     BP_within BP_between ERD1_alpha_within
1     0.243263275     2       0 -3.171594e+00 -4.4004389      1.0838027162
2     0.243263275     7       0  2.994481e+00 -4.4004389      2.8912325822
3     0.243263275     8       0  1.011967e+00 -4.4004389      1.2388726559
4     0.243263275    10       0 -1.200976e+00 -4.4004389      0.2672679218
5     0.243263275    13       0 -2.401542e+00 -4.4004389      1.4530056030
6     0.243263275    15       0  2.174619e+00 -4.4004389     -1.5276516415
7     0.243263275    18       0  5.997828e-01 -4.4004389      0.2251692103
8     0.243263275    20       0  2.133715e+00 -4.4004389     -1.2618902748
9     0.243263275    22       0  4.639889e+00 -4.4004389     -2.3073182924
10    0.243263275    24       1  6.209094e-01 -4.4004389     -1.4517148398
11    0.243263275    30       1  1.185628e+00 -4.4004389     -0.2405620762
12    0.243263275    40       1 -1.867015e+00 -4.4004389     -0.2307865265
13    0.243263275    43       1  1.977691e+00 -4.4004389      2.3620723694
14    0.243263275    44       1 -5.548871e-02 -4.4004389      0.9391271903
15    0.243263275    45       1  1.090009e+00 -4.4004389     -2.7060925284
16    0.243263275    48       1  2.118313e-01 -4.4004389      1.6288448370
17    0.243263275    50       2 -2.292147e+00 -4.4004389      1.0897952394
18    0.243263275    51       2 -1.202019e+00 -4.4004389     -2.7796005596
19    0.243263275    52       2  2.264718e+00 -4.4004389     -1.7623798469
20    0.243263275    54       2 -2.842377e+00 -4.4004389     -2.0421701107
21    0.243263275    56       2 -3.214359e+00 -4.4004389      1.0485192640
22    0.243263275    59       2 -1.360220e+00 -4.4004389     -1.7769733263
23    0.243263275    61       2  6.865740e-01 -4.4004389      1.2192472792
24    0.243263275    62       2  1.746945e+00 -4.4004389      1.3502233128
25    0.243263275    63       2  3.029067e+00 -4.4004389     -0.6034249909
26    0.243263275    64       2 -7.962557e-01 -4.4004389     -0.7468835134
27    0.243263275    66       2  1.483187e+00 -4.4004389     -0.7003991984
28    0.243263275    69       2 -1.321187e-01 -4.4004389      0.6793021113
29    0.243263275    71       2 -1.527872e+00 -4.4004389     -0.4254753520
30    0.243263275    73       2 -2.194945e+00 -4.4004389     -2.3416291289
31    0.243263275    76       3  1.616074e-01 -4.4004389      0.5950977534
32    0.243263275    80       3  1.463549e+00 -4.4004389     -2.2193850267
33    0.243263275    84       3 -2.481797e+00 -4.4004389     -1.0577389348
34    0.243263275    85       3 -8.068687e-01 -4.4004389      0.9364990026
35    0.243263275    86       3  1.941490e+00 -4.4004389     -0.2131435204
36    0.243263275    89       3  1.089590e+00 -4.4004389     -0.9377192341
37    0.243263275    92       3  1.839858e+00 -4.4004389     -0.7888803588
38    0.243263275    93       3 -3.853710e+00 -4.4004389      1.8913193199
39    0.243263275    94       3  1.329295e+00 -4.4004389     -0.2717571033
40    0.243263275    97       3 -9.540591e-02 -4.4004389      0.8257493254
41    0.243263275   100       4 -1.822353e-02 -4.4004389     -0.1469577805
42    0.243263275   101       4  1.022408e+00 -4.4004389      1.1761216142
43    0.243263275   106       4  8.133718e-01 -4.4004389     -2.2761959902
44    0.243263275   107       4 -2.303611e+00 -4.4004389      1.3762090563
45    0.243263275   108       4 -7.145878e-01 -4.4004389     -0.0218502446
46    0.243263275   111       4 -2.583407e+00 -4.4004389      1.2786605872
47    0.243263275   112       4  1.147483e+00 -4.4004389      0.8367093237
48    0.243263275   114       4  3.115007e+00 -4.4004389     -0.3925761789
49    0.243263275   123       4 -9.843216e-01 -4.4004389     -0.5279744234
50    0.243263275   126       5 -3.165612e-01 -4.4004389     -1.7221622145
51    0.243263275   127       5 -1.957031e+00 -4.4004389      1.1420463371
52    0.243263275   132       5 -4.626474e+00 -4.4004389      1.3718327511
53    0.243263275   133       5  2.363236e+00 -4.4004389      1.7697742623
54    0.243263275   134       5  3.174806e+00 -4.4004389     -0.7207528355
55    0.243263275   135       5 -3.047572e+00 -4.4004389     -0.3889929796
56    0.243263275   137       5 -1.214427e+00 -4.4004389      1.6269138899
57    0.243263275   141       5 -1.365908e+00 -4.4004389      1.4644787688
58    0.243263275   146       5  3.316121e+00 -4.4004389      0.8231447474
59    0.209929942     2       0  2.254022e+00 -2.8613076      1.4020026421
60    0.209929942     7       0  7.373287e-01 -2.8613076     -1.2619566855
61    0.209929942     8       0 -4.765505e-02 -2.8613076     -1.1392812134
62    0.209929942    10       0  8.426732e-01 -2.8613076      0.2860926142
63    0.209929942    13       0 -1.392891e+00 -2.8613076     -2.1408260294
64    0.209929942    15       0 -3.784308e-01 -2.8613076     -0.6407035598
65    0.209929942    16       0 -1.655690e+00 -2.8613076      1.2645398892
66    0.209929942    18       0 -8.365687e-01 -2.8613076      1.1000999901
67    0.209929942    20       0 -2.474020e+00 -2.8613076      1.1708472031
68    0.209929942    22       0 -2.852347e-01 -2.8613076      0.5141251096
69    0.209929942    24       1 -4.646338e+00 -2.8613076      1.0686934698
70    0.209929942    26       1 -2.300003e-01 -2.8613076     -0.5340085514
71    0.209929942    27       1 -6.300605e-01 -2.8613076      0.1533311799
72    0.209929942    30       1  1.411612e+00 -2.8613076     -0.4258896085
73    0.209929942    33       1 -2.216218e+00 -2.8613076     -0.4635993252
74    0.209929942    37       1 -5.231401e-01 -2.8613076     -0.9335630503
75    0.209929942    40       1 -1.744153e+00 -2.8613076     -0.5641302872
76    0.209929942    43       1  5.709535e-01 -2.8613076     -0.3391894284
     ERD1_alpha_between ERD2_alpha_within ERD2_alpha_between ERD1_beta_within
1              2.825132      1.132691e+00           2.766151     0.0554775026
2              2.825132      2.671184e+00           2.766151     1.0788843349
3              2.825132      1.742381e+00           2.766151     0.2961953346
4              2.825132      4.883229e-01           2.766151     0.2256917792
5              2.825132      4.333931e-01           2.766151     0.8418107261
6              2.825132     -2.316650e+00           2.766151    -0.6296900705
7              2.825132      1.079798e+00           2.766151     0.8302912339
8              2.825132     -1.420088e+00           2.766151    -0.4894296522
9              2.825132     -1.396866e+00           2.766151    -0.1364573655
10             2.825132     -3.135891e+00           2.766151    -0.6252831681
11             2.825132     -3.735017e-01           2.766151     0.6455528955
12             2.825132     -1.277882e+00           2.766151    -0.2648155297
13             2.825132      2.394929e+00           2.766151     0.6271048360
14             2.825132      2.855722e+00           2.766151     1.6797496484
15             2.825132     -3.808596e+00           2.766151    -0.7909036865
16             2.825132      1.871416e+00           2.766151    -0.5490763903
17             2.825132      1.077998e+00           2.766151    -0.4170428296
18             2.825132     -2.672037e+00           2.766151    -0.6945957896
19             2.825132     -3.414972e+00           2.766151    -1.2519843168
20             2.825132     -2.413042e+00           2.766151    -0.3572349465
21             2.825132      1.432142e+00           2.766151    -0.8476986497
22             2.825132     -1.100097e+00           2.766151    -0.5768962936
23             2.825132      2.726235e-01           2.766151     0.5881736702
24             2.825132      6.242665e-01           2.766151    -0.6339260176
25             2.825132      7.394796e-01           2.766151     1.5112514554
26             2.825132     -1.854633e+00           2.766151     0.5992054060
27             2.825132     -5.743832e-01           2.766151    -0.4128254229
28             2.825132      7.255201e-01           2.766151     0.2594481027
29             2.825132      5.755387e-01           2.766151     0.4323626587
30             2.825132     -1.954058e+00           2.766151    -0.3527765804
31             2.825132      2.490362e-01           2.766151    -0.7216862426
32             2.825132     -2.339977e+00           2.766151    -1.0786738477
33             2.825132     -7.886810e-01           2.766151     0.5962806741
34             2.825132      7.494460e-01           2.766151    -0.7321793294
35             2.825132      8.230976e-01           2.766151     0.4951793150
36             2.825132      1.866890e-02           2.766151    -0.2902631955
37             2.825132     -1.375826e+00           2.766151     0.1496614782
38             2.825132      1.293722e+00           2.766151     0.8351198473
39             2.825132     -2.786731e-01           2.766151    -0.9418534533
40             2.825132     -3.107114e-01           2.766151     1.0906687093
41             2.825132      2.190724e-01           2.766151     1.2735865712
42             2.825132      8.570984e-01           2.766151    -1.0413601730
43             2.825132     -1.805957e+00           2.766151     0.2843816701
44             2.825132      2.238223e+00           2.766151     0.1038482898
45             2.825132      4.718606e-01           2.766151    -0.7951180837
46             2.825132      1.929461e+00           2.766151    -0.1794585743
47             2.825132      1.785328e+00           2.766151    -1.5305347825
48             2.825132      7.328324e-02           2.766151    -0.4956399867
49             2.825132     -2.045996e-01           2.766151     0.5716163437
50             2.825132     -2.186200e+00           2.766151    -0.9407864443
51             2.825132     -1.746529e-01           2.766151     0.4694982308
52             2.825132      1.940083e+00           2.766151     0.8679606034
53             2.825132      6.813424e-02           2.766151     0.7314074750
54             2.825132     -2.981400e-01           2.766151     0.1607056848
55             2.825132     -6.007737e-01           2.766151    -0.1944495768
56             2.825132      1.987713e+00           2.766151     1.0047006917
57             2.825132      1.934381e+00           2.766151    -0.5649455238
58             2.825132      1.320875e+00           2.766151     0.2317707544
59             3.867391      2.440088e-01           3.926195    -1.2554458367
60             3.867391     -1.312970e-01           3.926195    -0.9027355710
61             3.867391     -4.536726e-01           3.926195     0.2238438053
62             3.867391      9.765933e-01           3.926195    -0.8988848691
63             3.867391     -2.265898e-01           3.926195    -0.8959840168
64             3.867391      4.375101e-01           3.926195    -0.6440674421
65             3.867391      1.402778e-01           3.926195     0.6916950023
66             3.867391      1.252627e+00           3.926195     0.4754591103
67             3.867391      9.410018e-01           3.926195     0.2561685395
68             3.867391      3.144767e-01           3.926195     0.6011828092
69             3.867391      6.164547e-01           3.926195     0.1026014745
70             3.867391      9.400265e-01           3.926195    -0.2120988981
71             3.867391     -7.360885e-02           3.926195     0.1721278841
72             3.867391     -2.344553e-01           3.926195     0.3109728035
73             3.867391      6.871138e-01           3.926195     0.8983312252
74             3.867391     -8.966717e-01           3.926195     0.4041726696
75             3.867391      4.331575e-01           3.926195     0.5869474564
76             3.867391     -7.590310e-01           3.926195     1.3267335093
     ERD1_beta_between ERD2_beta_within ERD2_beta_between
1             4.232873      0.344824108          3.710862
2             4.232873     -1.142889770          3.710862
3             4.232873     -0.218791835          3.710862
4             4.232873     -0.414041595          3.710862
5             4.232873      0.580135705          3.710862
6             4.232873     -1.199365393          3.710862
7             4.232873      0.387457936          3.710862
8             4.232873     -0.428376922          3.710862
9             4.232873     -1.127958288          3.710862
10            4.232873     -0.539461519          3.710862
11            4.232873      0.667575356          3.710862
12            4.232873     -0.068910637          3.710862
13            4.232873      0.753853303          3.710862
14            4.232873      2.254792562          3.710862
15            4.232873     -0.557609217          3.710862
16            4.232873      0.588648047          3.710862
17            4.232873      0.634563193          3.710862
18            4.232873     -1.185343152          3.710862
19            4.232873     -1.536154497          3.710862
20            4.232873     -0.931267925          3.710862
21            4.232873     -0.285386688          3.710862
22            4.232873     -2.527781817          3.710862
23            4.232873      0.547606738          3.710862
24            4.232873      0.721951857          3.710862
25            4.232873      0.445886224          3.710862
26            4.232873      0.606466185          3.710862
27            4.232873      0.613985760          3.710862
28            4.232873      0.590539061          3.710862
29            4.232873     -0.217913760          3.710862
30            4.232873     -0.602075654          3.710862
31            4.232873      0.257042723          3.710862
32            4.232873     -0.970522596          3.710862
33            4.232873     -0.126070054          3.710862
34            4.232873     -0.021019994          3.710862
35            4.232873      0.067395711          3.710862
36            4.232873     -1.397234927          3.710862
37            4.232873      1.028458541          3.710862
38            4.232873      0.883808020          3.710862
39            4.232873     -1.019634012          3.710862
40            4.232873     -0.231038290          3.710862
41            4.232873      1.062469066          3.710862
42            4.232873     -0.138783175          3.710862
43            4.232873     -1.243934445          3.710862
44            4.232873      0.040936570          3.710862
45            4.232873     -1.590731634          3.710862
46            4.232873      0.651373500          3.710862
47            4.232873      0.893466936          3.710862
48            4.232873      0.173337395          3.710862
49            4.232873      0.292860435          3.710862
50            4.232873     -1.117510430          3.710862
51            4.232873      0.905099740          3.710862
52            4.232873      1.764756966          3.710862
53            4.232873      0.258867782          3.710862
54            4.232873     -0.053795013          3.710862
55            4.232873      0.520955328          3.710862
56            4.232873      1.128968897          3.710862
57            4.232873      0.799872496          3.710862
58            4.232873      0.425647101          3.710862
59            3.926105      0.446576009          3.921911
60            3.926105     -0.451685460          3.921911
61            3.926105     -0.876037504          3.921911
62            3.926105     -0.659196678          3.921911
63            3.926105      1.332837936          3.921911
64            3.926105     -0.524784556          3.921911
65            3.926105      0.553154443          3.921911
66            3.926105     -0.206837824          3.921911
67            3.926105     -0.012163733          3.921911
68            3.926105      1.638241176          3.921911
69            3.926105      1.185681296          3.921911
70            3.926105      1.413645776          3.921911
71            3.926105     -0.229669027          3.921911
72            3.926105     -0.225705603          3.921911
73            3.926105      0.779990883          3.921911
74            3.926105     -0.161947983          3.921911
75            3.926105      0.967382963          3.921911
76            3.926105      0.083026794          3.921911
 [ reached getOption("max.print") -- omitted 1199 rows ]

$x_sca
       musicality trial session     BP_within BP_between ERD1_alpha_within
1     0.243263275     2       0 -3.171594e+00 -4.4004389      1.0838027162
2     0.243263275     7       0  2.994481e+00 -4.4004389      2.8912325822
3     0.243263275     8       0  1.011967e+00 -4.4004389      1.2388726559
4     0.243263275    10       0 -1.200976e+00 -4.4004389      0.2672679218
5     0.243263275    13       0 -2.401542e+00 -4.4004389      1.4530056030
6     0.243263275    15       0  2.174619e+00 -4.4004389     -1.5276516415
7     0.243263275    18       0  5.997828e-01 -4.4004389      0.2251692103
8     0.243263275    20       0  2.133715e+00 -4.4004389     -1.2618902748
9     0.243263275    22       0  4.639889e+00 -4.4004389     -2.3073182924
10    0.243263275    24       1  6.209094e-01 -4.4004389     -1.4517148398
11    0.243263275    30       1  1.185628e+00 -4.4004389     -0.2405620762
12    0.243263275    40       1 -1.867015e+00 -4.4004389     -0.2307865265
13    0.243263275    43       1  1.977691e+00 -4.4004389      2.3620723694
14    0.243263275    44       1 -5.548871e-02 -4.4004389      0.9391271903
15    0.243263275    45       1  1.090009e+00 -4.4004389     -2.7060925284
16    0.243263275    48       1  2.118313e-01 -4.4004389      1.6288448370
17    0.243263275    50       2 -2.292147e+00 -4.4004389      1.0897952394
18    0.243263275    51       2 -1.202019e+00 -4.4004389     -2.7796005596
19    0.243263275    52       2  2.264718e+00 -4.4004389     -1.7623798469
20    0.243263275    54       2 -2.842377e+00 -4.4004389     -2.0421701107
21    0.243263275    56       2 -3.214359e+00 -4.4004389      1.0485192640
22    0.243263275    59       2 -1.360220e+00 -4.4004389     -1.7769733263
23    0.243263275    61       2  6.865740e-01 -4.4004389      1.2192472792
24    0.243263275    62       2  1.746945e+00 -4.4004389      1.3502233128
25    0.243263275    63       2  3.029067e+00 -4.4004389     -0.6034249909
26    0.243263275    64       2 -7.962557e-01 -4.4004389     -0.7468835134
27    0.243263275    66       2  1.483187e+00 -4.4004389     -0.7003991984
28    0.243263275    69       2 -1.321187e-01 -4.4004389      0.6793021113
29    0.243263275    71       2 -1.527872e+00 -4.4004389     -0.4254753520
30    0.243263275    73       2 -2.194945e+00 -4.4004389     -2.3416291289
31    0.243263275    76       3  1.616074e-01 -4.4004389      0.5950977534
32    0.243263275    80       3  1.463549e+00 -4.4004389     -2.2193850267
33    0.243263275    84       3 -2.481797e+00 -4.4004389     -1.0577389348
34    0.243263275    85       3 -8.068687e-01 -4.4004389      0.9364990026
35    0.243263275    86       3  1.941490e+00 -4.4004389     -0.2131435204
36    0.243263275    89       3  1.089590e+00 -4.4004389     -0.9377192341
37    0.243263275    92       3  1.839858e+00 -4.4004389     -0.7888803588
38    0.243263275    93       3 -3.853710e+00 -4.4004389      1.8913193199
39    0.243263275    94       3  1.329295e+00 -4.4004389     -0.2717571033
40    0.243263275    97       3 -9.540591e-02 -4.4004389      0.8257493254
41    0.243263275   100       4 -1.822353e-02 -4.4004389     -0.1469577805
42    0.243263275   101       4  1.022408e+00 -4.4004389      1.1761216142
43    0.243263275   106       4  8.133718e-01 -4.4004389     -2.2761959902
44    0.243263275   107       4 -2.303611e+00 -4.4004389      1.3762090563
45    0.243263275   108       4 -7.145878e-01 -4.4004389     -0.0218502446
46    0.243263275   111       4 -2.583407e+00 -4.4004389      1.2786605872
47    0.243263275   112       4  1.147483e+00 -4.4004389      0.8367093237
48    0.243263275   114       4  3.115007e+00 -4.4004389     -0.3925761789
49    0.243263275   123       4 -9.843216e-01 -4.4004389     -0.5279744234
50    0.243263275   126       5 -3.165612e-01 -4.4004389     -1.7221622145
51    0.243263275   127       5 -1.957031e+00 -4.4004389      1.1420463371
52    0.243263275   132       5 -4.626474e+00 -4.4004389      1.3718327511
53    0.243263275   133       5  2.363236e+00 -4.4004389      1.7697742623
54    0.243263275   134       5  3.174806e+00 -4.4004389     -0.7207528355
55    0.243263275   135       5 -3.047572e+00 -4.4004389     -0.3889929796
56    0.243263275   137       5 -1.214427e+00 -4.4004389      1.6269138899
57    0.243263275   141       5 -1.365908e+00 -4.4004389      1.4644787688
58    0.243263275   146       5  3.316121e+00 -4.4004389      0.8231447474
59    0.209929942     2       0  2.254022e+00 -2.8613076      1.4020026421
60    0.209929942     7       0  7.373287e-01 -2.8613076     -1.2619566855
61    0.209929942     8       0 -4.765505e-02 -2.8613076     -1.1392812134
62    0.209929942    10       0  8.426732e-01 -2.8613076      0.2860926142
63    0.209929942    13       0 -1.392891e+00 -2.8613076     -2.1408260294
64    0.209929942    15       0 -3.784308e-01 -2.8613076     -0.6407035598
65    0.209929942    16       0 -1.655690e+00 -2.8613076      1.2645398892
66    0.209929942    18       0 -8.365687e-01 -2.8613076      1.1000999901
67    0.209929942    20       0 -2.474020e+00 -2.8613076      1.1708472031
68    0.209929942    22       0 -2.852347e-01 -2.8613076      0.5141251096
69    0.209929942    24       1 -4.646338e+00 -2.8613076      1.0686934698
70    0.209929942    26       1 -2.300003e-01 -2.8613076     -0.5340085514
71    0.209929942    27       1 -6.300605e-01 -2.8613076      0.1533311799
72    0.209929942    30       1  1.411612e+00 -2.8613076     -0.4258896085
73    0.209929942    33       1 -2.216218e+00 -2.8613076     -0.4635993252
74    0.209929942    37       1 -5.231401e-01 -2.8613076     -0.9335630503
75    0.209929942    40       1 -1.744153e+00 -2.8613076     -0.5641302872
76    0.209929942    43       1  5.709535e-01 -2.8613076     -0.3391894284
     ERD1_alpha_between ERD2_alpha_within ERD2_alpha_between ERD1_beta_within
1              2.825132      1.132691e+00           2.766151     0.0554775026
2              2.825132      2.671184e+00           2.766151     1.0788843349
3              2.825132      1.742381e+00           2.766151     0.2961953346
4              2.825132      4.883229e-01           2.766151     0.2256917792
5              2.825132      4.333931e-01           2.766151     0.8418107261
6              2.825132     -2.316650e+00           2.766151    -0.6296900705
7              2.825132      1.079798e+00           2.766151     0.8302912339
8              2.825132     -1.420088e+00           2.766151    -0.4894296522
9              2.825132     -1.396866e+00           2.766151    -0.1364573655
10             2.825132     -3.135891e+00           2.766151    -0.6252831681
11             2.825132     -3.735017e-01           2.766151     0.6455528955
12             2.825132     -1.277882e+00           2.766151    -0.2648155297
13             2.825132      2.394929e+00           2.766151     0.6271048360
14             2.825132      2.855722e+00           2.766151     1.6797496484
15             2.825132     -3.808596e+00           2.766151    -0.7909036865
16             2.825132      1.871416e+00           2.766151    -0.5490763903
17             2.825132      1.077998e+00           2.766151    -0.4170428296
18             2.825132     -2.672037e+00           2.766151    -0.6945957896
19             2.825132     -3.414972e+00           2.766151    -1.2519843168
20             2.825132     -2.413042e+00           2.766151    -0.3572349465
21             2.825132      1.432142e+00           2.766151    -0.8476986497
22             2.825132     -1.100097e+00           2.766151    -0.5768962936
23             2.825132      2.726235e-01           2.766151     0.5881736702
24             2.825132      6.242665e-01           2.766151    -0.6339260176
25             2.825132      7.394796e-01           2.766151     1.5112514554
26             2.825132     -1.854633e+00           2.766151     0.5992054060
27             2.825132     -5.743832e-01           2.766151    -0.4128254229
28             2.825132      7.255201e-01           2.766151     0.2594481027
29             2.825132      5.755387e-01           2.766151     0.4323626587
30             2.825132     -1.954058e+00           2.766151    -0.3527765804
31             2.825132      2.490362e-01           2.766151    -0.7216862426
32             2.825132     -2.339977e+00           2.766151    -1.0786738477
33             2.825132     -7.886810e-01           2.766151     0.5962806741
34             2.825132      7.494460e-01           2.766151    -0.7321793294
35             2.825132      8.230976e-01           2.766151     0.4951793150
36             2.825132      1.866890e-02           2.766151    -0.2902631955
37             2.825132     -1.375826e+00           2.766151     0.1496614782
38             2.825132      1.293722e+00           2.766151     0.8351198473
39             2.825132     -2.786731e-01           2.766151    -0.9418534533
40             2.825132     -3.107114e-01           2.766151     1.0906687093
41             2.825132      2.190724e-01           2.766151     1.2735865712
42             2.825132      8.570984e-01           2.766151    -1.0413601730
43             2.825132     -1.805957e+00           2.766151     0.2843816701
44             2.825132      2.238223e+00           2.766151     0.1038482898
45             2.825132      4.718606e-01           2.766151    -0.7951180837
46             2.825132      1.929461e+00           2.766151    -0.1794585743
47             2.825132      1.785328e+00           2.766151    -1.5305347825
48             2.825132      7.328324e-02           2.766151    -0.4956399867
49             2.825132     -2.045996e-01           2.766151     0.5716163437
50             2.825132     -2.186200e+00           2.766151    -0.9407864443
51             2.825132     -1.746529e-01           2.766151     0.4694982308
52             2.825132      1.940083e+00           2.766151     0.8679606034
53             2.825132      6.813424e-02           2.766151     0.7314074750
54             2.825132     -2.981400e-01           2.766151     0.1607056848
55             2.825132     -6.007737e-01           2.766151    -0.1944495768
56             2.825132      1.987713e+00           2.766151     1.0047006917
57             2.825132      1.934381e+00           2.766151    -0.5649455238
58             2.825132      1.320875e+00           2.766151     0.2317707544
59             3.867391      2.440088e-01           3.926195    -1.2554458367
60             3.867391     -1.312970e-01           3.926195    -0.9027355710
61             3.867391     -4.536726e-01           3.926195     0.2238438053
62             3.867391      9.765933e-01           3.926195    -0.8988848691
63             3.867391     -2.265898e-01           3.926195    -0.8959840168
64             3.867391      4.375101e-01           3.926195    -0.6440674421
65             3.867391      1.402778e-01           3.926195     0.6916950023
66             3.867391      1.252627e+00           3.926195     0.4754591103
67             3.867391      9.410018e-01           3.926195     0.2561685395
68             3.867391      3.144767e-01           3.926195     0.6011828092
69             3.867391      6.164547e-01           3.926195     0.1026014745
70             3.867391      9.400265e-01           3.926195    -0.2120988981
71             3.867391     -7.360885e-02           3.926195     0.1721278841
72             3.867391     -2.344553e-01           3.926195     0.3109728035
73             3.867391      6.871138e-01           3.926195     0.8983312252
74             3.867391     -8.966717e-01           3.926195     0.4041726696
75             3.867391      4.331575e-01           3.926195     0.5869474564
76             3.867391     -7.590310e-01           3.926195     1.3267335093
     ERD1_beta_between ERD2_beta_within ERD2_beta_between
1             4.232873      0.344824108          3.710862
2             4.232873     -1.142889770          3.710862
3             4.232873     -0.218791835          3.710862
4             4.232873     -0.414041595          3.710862
5             4.232873      0.580135705          3.710862
6             4.232873     -1.199365393          3.710862
7             4.232873      0.387457936          3.710862
8             4.232873     -0.428376922          3.710862
9             4.232873     -1.127958288          3.710862
10            4.232873     -0.539461519          3.710862
11            4.232873      0.667575356          3.710862
12            4.232873     -0.068910637          3.710862
13            4.232873      0.753853303          3.710862
14            4.232873      2.254792562          3.710862
15            4.232873     -0.557609217          3.710862
16            4.232873      0.588648047          3.710862
17            4.232873      0.634563193          3.710862
18            4.232873     -1.185343152          3.710862
19            4.232873     -1.536154497          3.710862
20            4.232873     -0.931267925          3.710862
21            4.232873     -0.285386688          3.710862
22            4.232873     -2.527781817          3.710862
23            4.232873      0.547606738          3.710862
24            4.232873      0.721951857          3.710862
25            4.232873      0.445886224          3.710862
26            4.232873      0.606466185          3.710862
27            4.232873      0.613985760          3.710862
28            4.232873      0.590539061          3.710862
29            4.232873     -0.217913760          3.710862
30            4.232873     -0.602075654          3.710862
31            4.232873      0.257042723          3.710862
32            4.232873     -0.970522596          3.710862
33            4.232873     -0.126070054          3.710862
34            4.232873     -0.021019994          3.710862
35            4.232873      0.067395711          3.710862
36            4.232873     -1.397234927          3.710862
37            4.232873      1.028458541          3.710862
38            4.232873      0.883808020          3.710862
39            4.232873     -1.019634012          3.710862
40            4.232873     -0.231038290          3.710862
41            4.232873      1.062469066          3.710862
42            4.232873     -0.138783175          3.710862
43            4.232873     -1.243934445          3.710862
44            4.232873      0.040936570          3.710862
45            4.232873     -1.590731634          3.710862
46            4.232873      0.651373500          3.710862
47            4.232873      0.893466936          3.710862
48            4.232873      0.173337395          3.710862
49            4.232873      0.292860435          3.710862
50            4.232873     -1.117510430          3.710862
51            4.232873      0.905099740          3.710862
52            4.232873      1.764756966          3.710862
53            4.232873      0.258867782          3.710862
54            4.232873     -0.053795013          3.710862
55            4.232873      0.520955328          3.710862
56            4.232873      1.128968897          3.710862
57            4.232873      0.799872496          3.710862
58            4.232873      0.425647101          3.710862
59            3.926105      0.446576009          3.921911
60            3.926105     -0.451685460          3.921911
61            3.926105     -0.876037504          3.921911
62            3.926105     -0.659196678          3.921911
63            3.926105      1.332837936          3.921911
64            3.926105     -0.524784556          3.921911
65            3.926105      0.553154443          3.921911
66            3.926105     -0.206837824          3.921911
67            3.926105     -0.012163733          3.921911
68            3.926105      1.638241176          3.921911
69            3.926105      1.185681296          3.921911
70            3.926105      1.413645776          3.921911
71            3.926105     -0.229669027          3.921911
72            3.926105     -0.225705603          3.921911
73            3.926105      0.779990883          3.921911
74            3.926105     -0.161947983          3.921911
75            3.926105      0.967382963          3.921911
76            3.926105      0.083026794          3.921911
 [ reached getOption("max.print") -- omitted 1199 rows ]

$x_bet
       musicality trial session     BP_within BP_between ERD1_alpha_within
1     0.243263275     2       0 -3.171594e+00 -4.4004389      1.0838027162
2     0.243263275     7       0  2.994481e+00 -4.4004389      2.8912325822
3     0.243263275     8       0  1.011967e+00 -4.4004389      1.2388726559
4     0.243263275    10       0 -1.200976e+00 -4.4004389      0.2672679218
5     0.243263275    13       0 -2.401542e+00 -4.4004389      1.4530056030
6     0.243263275    15       0  2.174619e+00 -4.4004389     -1.5276516415
7     0.243263275    18       0  5.997828e-01 -4.4004389      0.2251692103
8     0.243263275    20       0  2.133715e+00 -4.4004389     -1.2618902748
9     0.243263275    22       0  4.639889e+00 -4.4004389     -2.3073182924
10    0.243263275    24       1  6.209094e-01 -4.4004389     -1.4517148398
11    0.243263275    30       1  1.185628e+00 -4.4004389     -0.2405620762
12    0.243263275    40       1 -1.867015e+00 -4.4004389     -0.2307865265
13    0.243263275    43       1  1.977691e+00 -4.4004389      2.3620723694
14    0.243263275    44       1 -5.548871e-02 -4.4004389      0.9391271903
15    0.243263275    45       1  1.090009e+00 -4.4004389     -2.7060925284
16    0.243263275    48       1  2.118313e-01 -4.4004389      1.6288448370
17    0.243263275    50       2 -2.292147e+00 -4.4004389      1.0897952394
18    0.243263275    51       2 -1.202019e+00 -4.4004389     -2.7796005596
19    0.243263275    52       2  2.264718e+00 -4.4004389     -1.7623798469
20    0.243263275    54       2 -2.842377e+00 -4.4004389     -2.0421701107
21    0.243263275    56       2 -3.214359e+00 -4.4004389      1.0485192640
22    0.243263275    59       2 -1.360220e+00 -4.4004389     -1.7769733263
23    0.243263275    61       2  6.865740e-01 -4.4004389      1.2192472792
24    0.243263275    62       2  1.746945e+00 -4.4004389      1.3502233128
25    0.243263275    63       2  3.029067e+00 -4.4004389     -0.6034249909
26    0.243263275    64       2 -7.962557e-01 -4.4004389     -0.7468835134
27    0.243263275    66       2  1.483187e+00 -4.4004389     -0.7003991984
28    0.243263275    69       2 -1.321187e-01 -4.4004389      0.6793021113
29    0.243263275    71       2 -1.527872e+00 -4.4004389     -0.4254753520
30    0.243263275    73       2 -2.194945e+00 -4.4004389     -2.3416291289
31    0.243263275    76       3  1.616074e-01 -4.4004389      0.5950977534
32    0.243263275    80       3  1.463549e+00 -4.4004389     -2.2193850267
33    0.243263275    84       3 -2.481797e+00 -4.4004389     -1.0577389348
34    0.243263275    85       3 -8.068687e-01 -4.4004389      0.9364990026
35    0.243263275    86       3  1.941490e+00 -4.4004389     -0.2131435204
36    0.243263275    89       3  1.089590e+00 -4.4004389     -0.9377192341
37    0.243263275    92       3  1.839858e+00 -4.4004389     -0.7888803588
38    0.243263275    93       3 -3.853710e+00 -4.4004389      1.8913193199
39    0.243263275    94       3  1.329295e+00 -4.4004389     -0.2717571033
40    0.243263275    97       3 -9.540591e-02 -4.4004389      0.8257493254
41    0.243263275   100       4 -1.822353e-02 -4.4004389     -0.1469577805
42    0.243263275   101       4  1.022408e+00 -4.4004389      1.1761216142
43    0.243263275   106       4  8.133718e-01 -4.4004389     -2.2761959902
44    0.243263275   107       4 -2.303611e+00 -4.4004389      1.3762090563
45    0.243263275   108       4 -7.145878e-01 -4.4004389     -0.0218502446
46    0.243263275   111       4 -2.583407e+00 -4.4004389      1.2786605872
47    0.243263275   112       4  1.147483e+00 -4.4004389      0.8367093237
48    0.243263275   114       4  3.115007e+00 -4.4004389     -0.3925761789
49    0.243263275   123       4 -9.843216e-01 -4.4004389     -0.5279744234
50    0.243263275   126       5 -3.165612e-01 -4.4004389     -1.7221622145
51    0.243263275   127       5 -1.957031e+00 -4.4004389      1.1420463371
52    0.243263275   132       5 -4.626474e+00 -4.4004389      1.3718327511
53    0.243263275   133       5  2.363236e+00 -4.4004389      1.7697742623
54    0.243263275   134       5  3.174806e+00 -4.4004389     -0.7207528355
55    0.243263275   135       5 -3.047572e+00 -4.4004389     -0.3889929796
56    0.243263275   137       5 -1.214427e+00 -4.4004389      1.6269138899
57    0.243263275   141       5 -1.365908e+00 -4.4004389      1.4644787688
58    0.243263275   146       5  3.316121e+00 -4.4004389      0.8231447474
59    0.209929942     2       0  2.254022e+00 -2.8613076      1.4020026421
60    0.209929942     7       0  7.373287e-01 -2.8613076     -1.2619566855
61    0.209929942     8       0 -4.765505e-02 -2.8613076     -1.1392812134
62    0.209929942    10       0  8.426732e-01 -2.8613076      0.2860926142
63    0.209929942    13       0 -1.392891e+00 -2.8613076     -2.1408260294
64    0.209929942    15       0 -3.784308e-01 -2.8613076     -0.6407035598
65    0.209929942    16       0 -1.655690e+00 -2.8613076      1.2645398892
66    0.209929942    18       0 -8.365687e-01 -2.8613076      1.1000999901
67    0.209929942    20       0 -2.474020e+00 -2.8613076      1.1708472031
68    0.209929942    22       0 -2.852347e-01 -2.8613076      0.5141251096
69    0.209929942    24       1 -4.646338e+00 -2.8613076      1.0686934698
70    0.209929942    26       1 -2.300003e-01 -2.8613076     -0.5340085514
71    0.209929942    27       1 -6.300605e-01 -2.8613076      0.1533311799
72    0.209929942    30       1  1.411612e+00 -2.8613076     -0.4258896085
73    0.209929942    33       1 -2.216218e+00 -2.8613076     -0.4635993252
74    0.209929942    37       1 -5.231401e-01 -2.8613076     -0.9335630503
75    0.209929942    40       1 -1.744153e+00 -2.8613076     -0.5641302872
76    0.209929942    43       1  5.709535e-01 -2.8613076     -0.3391894284
     ERD1_alpha_between ERD2_alpha_within ERD2_alpha_between ERD1_beta_within
1              2.825132      1.132691e+00           2.766151     0.0554775026
2              2.825132      2.671184e+00           2.766151     1.0788843349
3              2.825132      1.742381e+00           2.766151     0.2961953346
4              2.825132      4.883229e-01           2.766151     0.2256917792
5              2.825132      4.333931e-01           2.766151     0.8418107261
6              2.825132     -2.316650e+00           2.766151    -0.6296900705
7              2.825132      1.079798e+00           2.766151     0.8302912339
8              2.825132     -1.420088e+00           2.766151    -0.4894296522
9              2.825132     -1.396866e+00           2.766151    -0.1364573655
10             2.825132     -3.135891e+00           2.766151    -0.6252831681
11             2.825132     -3.735017e-01           2.766151     0.6455528955
12             2.825132     -1.277882e+00           2.766151    -0.2648155297
13             2.825132      2.394929e+00           2.766151     0.6271048360
14             2.825132      2.855722e+00           2.766151     1.6797496484
15             2.825132     -3.808596e+00           2.766151    -0.7909036865
16             2.825132      1.871416e+00           2.766151    -0.5490763903
17             2.825132      1.077998e+00           2.766151    -0.4170428296
18             2.825132     -2.672037e+00           2.766151    -0.6945957896
19             2.825132     -3.414972e+00           2.766151    -1.2519843168
20             2.825132     -2.413042e+00           2.766151    -0.3572349465
21             2.825132      1.432142e+00           2.766151    -0.8476986497
22             2.825132     -1.100097e+00           2.766151    -0.5768962936
23             2.825132      2.726235e-01           2.766151     0.5881736702
24             2.825132      6.242665e-01           2.766151    -0.6339260176
25             2.825132      7.394796e-01           2.766151     1.5112514554
26             2.825132     -1.854633e+00           2.766151     0.5992054060
27             2.825132     -5.743832e-01           2.766151    -0.4128254229
28             2.825132      7.255201e-01           2.766151     0.2594481027
29             2.825132      5.755387e-01           2.766151     0.4323626587
30             2.825132     -1.954058e+00           2.766151    -0.3527765804
31             2.825132      2.490362e-01           2.766151    -0.7216862426
32             2.825132     -2.339977e+00           2.766151    -1.0786738477
33             2.825132     -7.886810e-01           2.766151     0.5962806741
34             2.825132      7.494460e-01           2.766151    -0.7321793294
35             2.825132      8.230976e-01           2.766151     0.4951793150
36             2.825132      1.866890e-02           2.766151    -0.2902631955
37             2.825132     -1.375826e+00           2.766151     0.1496614782
38             2.825132      1.293722e+00           2.766151     0.8351198473
39             2.825132     -2.786731e-01           2.766151    -0.9418534533
40             2.825132     -3.107114e-01           2.766151     1.0906687093
41             2.825132      2.190724e-01           2.766151     1.2735865712
42             2.825132      8.570984e-01           2.766151    -1.0413601730
43             2.825132     -1.805957e+00           2.766151     0.2843816701
44             2.825132      2.238223e+00           2.766151     0.1038482898
45             2.825132      4.718606e-01           2.766151    -0.7951180837
46             2.825132      1.929461e+00           2.766151    -0.1794585743
47             2.825132      1.785328e+00           2.766151    -1.5305347825
48             2.825132      7.328324e-02           2.766151    -0.4956399867
49             2.825132     -2.045996e-01           2.766151     0.5716163437
50             2.825132     -2.186200e+00           2.766151    -0.9407864443
51             2.825132     -1.746529e-01           2.766151     0.4694982308
52             2.825132      1.940083e+00           2.766151     0.8679606034
53             2.825132      6.813424e-02           2.766151     0.7314074750
54             2.825132     -2.981400e-01           2.766151     0.1607056848
55             2.825132     -6.007737e-01           2.766151    -0.1944495768
56             2.825132      1.987713e+00           2.766151     1.0047006917
57             2.825132      1.934381e+00           2.766151    -0.5649455238
58             2.825132      1.320875e+00           2.766151     0.2317707544
59             3.867391      2.440088e-01           3.926195    -1.2554458367
60             3.867391     -1.312970e-01           3.926195    -0.9027355710
61             3.867391     -4.536726e-01           3.926195     0.2238438053
62             3.867391      9.765933e-01           3.926195    -0.8988848691
63             3.867391     -2.265898e-01           3.926195    -0.8959840168
64             3.867391      4.375101e-01           3.926195    -0.6440674421
65             3.867391      1.402778e-01           3.926195     0.6916950023
66             3.867391      1.252627e+00           3.926195     0.4754591103
67             3.867391      9.410018e-01           3.926195     0.2561685395
68             3.867391      3.144767e-01           3.926195     0.6011828092
69             3.867391      6.164547e-01           3.926195     0.1026014745
70             3.867391      9.400265e-01           3.926195    -0.2120988981
71             3.867391     -7.360885e-02           3.926195     0.1721278841
72             3.867391     -2.344553e-01           3.926195     0.3109728035
73             3.867391      6.871138e-01           3.926195     0.8983312252
74             3.867391     -8.966717e-01           3.926195     0.4041726696
75             3.867391      4.331575e-01           3.926195     0.5869474564
76             3.867391     -7.590310e-01           3.926195     1.3267335093
     ERD1_beta_between ERD2_beta_within ERD2_beta_between
1             4.232873      0.344824108          3.710862
2             4.232873     -1.142889770          3.710862
3             4.232873     -0.218791835          3.710862
4             4.232873     -0.414041595          3.710862
5             4.232873      0.580135705          3.710862
6             4.232873     -1.199365393          3.710862
7             4.232873      0.387457936          3.710862
8             4.232873     -0.428376922          3.710862
9             4.232873     -1.127958288          3.710862
10            4.232873     -0.539461519          3.710862
11            4.232873      0.667575356          3.710862
12            4.232873     -0.068910637          3.710862
13            4.232873      0.753853303          3.710862
14            4.232873      2.254792562          3.710862
15            4.232873     -0.557609217          3.710862
16            4.232873      0.588648047          3.710862
17            4.232873      0.634563193          3.710862
18            4.232873     -1.185343152          3.710862
19            4.232873     -1.536154497          3.710862
20            4.232873     -0.931267925          3.710862
21            4.232873     -0.285386688          3.710862
22            4.232873     -2.527781817          3.710862
23            4.232873      0.547606738          3.710862
24            4.232873      0.721951857          3.710862
25            4.232873      0.445886224          3.710862
26            4.232873      0.606466185          3.710862
27            4.232873      0.613985760          3.710862
28            4.232873      0.590539061          3.710862
29            4.232873     -0.217913760          3.710862
30            4.232873     -0.602075654          3.710862
31            4.232873      0.257042723          3.710862
32            4.232873     -0.970522596          3.710862
33            4.232873     -0.126070054          3.710862
34            4.232873     -0.021019994          3.710862
35            4.232873      0.067395711          3.710862
36            4.232873     -1.397234927          3.710862
37            4.232873      1.028458541          3.710862
38            4.232873      0.883808020          3.710862
39            4.232873     -1.019634012          3.710862
40            4.232873     -0.231038290          3.710862
41            4.232873      1.062469066          3.710862
42            4.232873     -0.138783175          3.710862
43            4.232873     -1.243934445          3.710862
44            4.232873      0.040936570          3.710862
45            4.232873     -1.590731634          3.710862
46            4.232873      0.651373500          3.710862
47            4.232873      0.893466936          3.710862
48            4.232873      0.173337395          3.710862
49            4.232873      0.292860435          3.710862
50            4.232873     -1.117510430          3.710862
51            4.232873      0.905099740          3.710862
52            4.232873      1.764756966          3.710862
53            4.232873      0.258867782          3.710862
54            4.232873     -0.053795013          3.710862
55            4.232873      0.520955328          3.710862
56            4.232873      1.128968897          3.710862
57            4.232873      0.799872496          3.710862
58            4.232873      0.425647101          3.710862
59            3.926105      0.446576009          3.921911
60            3.926105     -0.451685460          3.921911
61            3.926105     -0.876037504          3.921911
62            3.926105     -0.659196678          3.921911
63            3.926105      1.332837936          3.921911
64            3.926105     -0.524784556          3.921911
65            3.926105      0.553154443          3.921911
66            3.926105     -0.206837824          3.921911
67            3.926105     -0.012163733          3.921911
68            3.926105      1.638241176          3.921911
69            3.926105      1.185681296          3.921911
70            3.926105      1.413645776          3.921911
71            3.926105     -0.229669027          3.921911
72            3.926105     -0.225705603          3.921911
73            3.926105      0.779990883          3.921911
74            3.926105     -0.161947983          3.921911
75            3.926105      0.967382963          3.921911
76            3.926105      0.083026794          3.921911
 [ reached getOption("max.print") -- omitted 1199 rows ]

