"s0"
0.0694120331772619
-0.000272018375167918
-0.000316034796815817
0.000169105084840172
-0.00669884543434552
0.00559568956250217
-0.0128308048887188
0.024052208069232
-0.00157789692459967
-0.0185388059776197
-0.0272619174953612
-0.00768737224659042
0.0284843219527211
0.0176381231079165
-0.0165331410157335
-0.0125482685573172
-0.0101240416953304
-0.00639827902313328
-0.0394513089491858
-0.01037146668207
-0.0534222856007039
0.0961006045507108
-0.0193924366905941
0.0346241657863508
-0.0300212988857099
0.0163920981198294
-0.00228672297489066
0.0130975574248461
0.00716813241484639
-0.0188219243014843
0.00435894245846129
0.000559973598428912
-0.00591029453116665
0.0142184731809158
0
0
0
0
-0.0177289780534158
-0.00708329986265738
-0.00441809450001942
0.0152844928273674
-0.0128770964570401
0.000409629621844212
-0.0197022519120521
0.0127983499845978
0.008317317163041
-0.00628958521483026
-0.00762055376957443
0.00631172508930958
-0.00510839524590331
0.00505588307224299
-0.0108008096324364
-0.0091610527610717
-0.0116852394248462
0.022389512150933
0.0089559009786868
0.000309010104081858
-0.011648888220641
0.00592163025275598
0.0110685866092422
0.00309560761144691
-0.0013913058773692
-0.00218569970215949
0.00300608134279723
0.00210670464312386
-0.00290941827656297
-0.0207832456801154
-0.00481133805707789
0.0382413040849443
0.00454949650399277
-0.0255365951117357
0.00123150009146769
0.00970793300623598
-0.00996125849170903
0.0079086701079253
0.0180685052521604
-0.0593025179884406
0.00766690301106474
0.00901354967841656
-0.00418924010781232
0.0044208130134415
-0.0116919080388991
0.0113496735754811
0.0023858646596313
-0.0309388030604118
0.015676533930049
0.00293549553120155
-0.00313589693843406
0.0050361025195048
0.00379356143095593
0.00206598596278956
-0.000768072381303969
0.00819486482590304
0.010445669138611
0.00631194595612152
-0.00191729092154202
0.00907809192174775
-0.00419141297295292
0.0284402249119791
-0.000257634986367622
-0.0235657982859571
-0.00149871853488405
0.00911233301574478
-0.00711723140492378
-0.00499071322551223
-0.0202407696174835
-0.00527124697276423
-0.00171125075095981
0.00094605905167116
-0.0130772601955301
0.00103971128279084
