"x"
0.0900788445905476
-0.329477320678926
-0.0892625295598701
-0.0245480706592274
-0.092352445388651
-0.158488605973911
-2.38626108975414
1.83831202533294
-0.0509867669341016
-0.025572625791459
-1.0086532647797
-1.13598211617183
1.00220003326505
0.647299064751708
1.43189105309873
0.229446866142573
-0.773964792800801
0.200693278318032
-0.0103191464682339
-0.492745965758498
-2.05041453631836
0.8295582517674
-0.0918113684806875
1.41664717407315
NA
NA
NA
NA
NA
NA
0.396195248730898
0.093631318405545
-0.0674974053787045
0.213031979423831
NA
NA
NA
NA
0.0399213440261036
-0.029229742661052
-0.0440996631860125
0.22974809418578
0.117411036313108
0.0903255813485623
-0.289391587642266
0.190404071884341
0.457165266641069
-0.0167863737925021
-0.0948676176672116
0.0864501252417451
0.243783331065494
0.166018485279724
-0.145720828801461
-0.162333427066207
0.137593172907956
0.443022342672119
0.170441230221274
-0.00887085518832513
0.138139153562864
0.179039834346758
0.20468562530598
0.0341008038628609
0.302121186443926
0.0496662831770252
0.0761730019601803
0.0189836286102237
0.278735051165783
-0.249816567728899
-0.0509257709732622
0.599177800352782
0.397955366853897
-0.325553244045103
0.0472778912011268
0.140021960684925
0.165406538047623
0.211503552966173
0.317388781474987
-0.967757998416894
0.44933185654343
0.228512287030641
-0.039708665234848
0.0561402328436844
0.137387934714605
0.266472996797812
0.0654087738198508
-0.512512812901821
0.577433427556251
0.131291745230947
-0.0228704014560713
0.0653852048533348
0.386688843124982
0.117695900878146
0.0150121708886285
0.115787889698974
0.492830876769593
0.185529316255528
-0.00316328088722992
0.130528679174596
0.257865428909815
0.54017328146048
0.0236479369014088
-0.394308699812617
0.301338692330644
0.231306441664935
-0.0871993127814801
-0.0964164648958316
NA
NA
NA
NA
-0.215997969053538
0.0171370666631614
