"s0"
0.0510432901652866
0.00174803889516307
0
-0.00390966410459961
-0.00215691067540053
-0.00447245678200019
0
0.000699237011783771
0
-0.0135633057257424
0
0.000645476422537566
-0.0175942007974069
0
0.0326579758818801
0.000180182860605204
-0.0145169631987041
-0.00674131319705002
0.000292259634500222
0
-0.0303990354409268
-0.0164425665933591
0.00747081424932883
0.112907491252482
-0.0132004312695125
0.036825695065801
0
0
0
0.0245421854580241
0.0117239078852756
-0.00896077416762014
0
0
0
0
-0.00164508992400107
0
0
0
-0.0403956146180441
0
0.0236382339632048
-0.000841044005446521
0
0
0
0
0
0
0
0
0
0
0
0
0
0
0
0
0
0
0
0
0
0
0
0
0
0
0
0
0
0
0
0
0
-0.0187815674031391
-0.0144631332239728
0.0106925656676824
0
0
0
0
0
-0.0063356958727231
0
-0.00685909562087404
0
0
-0.00112434181100533
0
0
0
0
0
0
0
0
0
0
0
0.0151588122820198
-0.000445353688118703
0
0
0
0
0
0
0
0
