"x"
0.0028380102040839
0.0811146541950092
0.0499964569161011
0.00201459750564538
0.0219309807256178
0.013261763038567
0.0214774659864116
0.0212436224489596
0.0248788265306285
0.0170259353741602
0.0210239512472054
0.0373504818594239
0.0217878401359957
0.0103210034013483
0.0117268990929671
0.00338222789114127
0.00550666099777743
0.0122257653061735
0.0694593253968816
0.010819869614441
0.00419146825404539
0.0148107993196373
0.0330874433106811
0.00908942743754039
0.00492417800453325
0.0384842687074962
0.0505477607709719
0.0570330215419727
0.0691418650793349
0.0592098922902306
0.0837903911562745
0.0548944160998661
0.0177132936507616
0.00772888321992184
0.034078089569245
0.0369423185941042
0.0691872165532215
0.0629740646256533
0.0313570011337805
0.0690440759635993
0.00287627551031334
0.00982213718814194
0.0156271258503904
0.00433460884344015
0.00446357709759183
0.00936153628120052
0.0943119331065856
0.0680916950114141
0.00306476757370831
0.0357560941042965
0.0179329648524589
0.0347583616778837
0.0348490646256567
0.000608701813941362
0.0159375000000881
0.0388017290249292
0.0285905612245432
0.0791121031745905
0.0593425767253489
0.0522223953194608
0.0293652524622982
0.0692291980405454
0.066372055183393
0.0233788579044752
0.0539003998545976
0.0108618511017934
0.016304027972495
0.0448301050700192
0.000385660625596196
0.0337189939588992
0.00269858579562732
0.0517235291062829
0.0237416696958516
0.0585262501947735
0.0239230755915113
0.0452836198092254
0.0134015336414276
0.0106350937321903
0.0111789652247299
0.0241951844351714
0.0174831662945106
0.0194786311471088
0.0272337331879552
0.0322677467934508
0.0600682003081655
0.0420636651607819
0.0505897422581537
0.0488663862492157
0.0582994928251136
0.046009243391978
0.0766214882900439
0.0332201277457497
0.0115874746844892
0.00310674906100383
0.025056516245144
0.00301569991856387
0.0387076560904515
0.0422447248621157
0.0257367883540102
0.0188887157918035
0.0396600370426367
0.0257821398280104
0.00836717384149244
0.028322168562141
0.00678021844865351
0.0865988125530347
0.00832216856215917
0.00256253137368356
0.0748981322809922
0.0132651330251011
0.0363943847258671
0.0155327067214731
0.0186619584220299
0.0168028941856445
0.000748126222646639
0.0221997195825733
0.0122223953193551
0.0190704678817891
0.0158051617594591
0.00777760468062672
0.050317633414721
0.0236959720274118
0.0102269304667569
0.0276418964532749
0.0906350937322312
0.041519447473689
0.151084433773508
0.218113912231561
0.262104841936778
0.173215953047875
0.24496198479392
0.235891690009341
0.0870481525944082
0.133352007469656
0.173760170734939
0.0554381752701001
0.0155368814191921
0.0194744564492761
0.069859943977607
0.00546885420837144
0.137025476857419
0.218068560757646
0.120698946245201
0.159565159397092
0.167864479124918
0.223964252367667
0.256934773909537
0.0490062691744389
0.0665492863811632
0.0904121648660213
0.0743950913697826
0.0874189675870103
0.0154461784713622
0.275256769374468
0.0899052954515891
0.00523409363748569
0.00134187008140189
0.0188848872883535
0.0207523009202906
0.0519007603041099
0.0944404428437646
0.00111511271185564
0.0340776310522723
0.148952914499008
0.118658129918489
0.0391116446578816
0.0598372682407297
0.0302227557690766
0.105370148059168
0.132218220621584
0.0656422569027508
0.033760170734953
0.13911964785913
0.00805388822183532
0.0831559290383812
0.037305588902169
0.013994931305857
0.0285447512337977
0.0327132082147262
0.00908509030089592
0.025819784178434
0.0169308952895722
0.0384274939290026
0.0825544780559926
0.0447767002782018
0.032803911162556
0.00474710924560325
0.0947086730673266
0.00559302680882071
0.0169308952895438
0.0165680834981674
0.0309445007317311
0.0161145687589044
0.0556157025458322
0.0783821424550513
0.0492664961966045
0.0752528907544945
0.035116836332644
0.00969041990326899
0.0256541387240543
0.0391531175117268
0.00315980765826792
0.0604683102555544
0.0617381515253999
0.0356610540197369
0.00400572522159907
0.0534388317974606
0.0711259066274113
0.0190170630899718
0.069765362409679
0.0036133223974741
0.0645045914346372
0.0153435937022084
0.0115044788602074
0.00949325356618717
0.0599694440424617
0.029493253566169
0.0113980154707849
0.0255930268087457
0.00359756195639308
0.0581100336116367
0.0801962014119897
0.0703549315707721
0.101103230890384
0.0647313488042971
0.0295386050401692
0.0779739791898453
0.0839603737476398
0.0566587864461315
0.0255930268089731
0.0516247728405222
0.0208311220469102
0.0121236390536512
0.0390624145638401
0.0163117350958157
0.0097357713771555
0.040332255833572
0.0465907592351403
0.0361145687590568
0.0599694440424617
0.00719608883746444
0.00736173429181578
0.00631865039163019
0.0204229587815905
0.0518061787362956
0.0309898522056744
0.0147993760151155
0.0427358839517172
0.00111899133166956
0.0440580847723445
0.0534004884004978
0.0313143206000311
0.0460989010988576
0.0570739577881475
0.0879129600558733
0.0104997383568709
0.00242717599859156
0.0220172684459064
0.0327655677655364
0.033717948717949
0.0188426652712358
0.0572100122100344
0.00351386708531641
0.0275047967904945
0.0929469736612552
0.0486839351124352
0.0421079713935476
0.00210797139381135
0.0539447060875907
0.0601578580149314
0.0022440258153572
0.0616998081282097
0.00936420722133767
0.0118131868132557
0.0175274725275037
0.0529016221871777
0.0231057038199786
0.0409288330718161
0.0086856793998188
0.00764259549963321
0.0189333682190088
0.0337179487180626
0.00355921855931661
0.0625161346588491
0.00383307169021031
0.0338993546136087
0.0153506017791322
0.0142621664049464
0.0958041165183793
0.00800366300360543
0.0293188557475467
0.0022893772893574
0.022062619919793
0.0485025292168891
0.0852825745682956
0.052312053026312
0.0383891505321251
0.0327202162916499
0.0568472004186012
0.0784345020058615
0.0189908457210058
0.022755018056592
0.0569953808683926
0.0136847232720135
0.00860535819265984
0.0950452674897299
0.0128005374989407
0.0823922062652179
0.0904647686234973
0.0241155622742674
0.0134126144284671
0.086247081548641
0.0296484420929125
0.0332312085327892
0.00540824724955591
0.0493538254808293
0.0393990089862434
0.00651919039226023
0.0510543377845131
0.0901473083059506
0.0314171495758507
0.00919492735361083
0.0539343243470051
0.0825057529184726
0.0745010498025983
0.0266098933400151
0.00506794322664128
0.0189454942471691
0.126836650709698
0.081281263122741
0.0419386915259344
0.058537330981813
0.0607595532041848
0.00373024271427702
0.0151588141427731
0.0735486688504131
0.0337754262197684
0.060192827748346
0.0745010498025983
0.0783559250862488
0.0114399932813506
0.062936423952329
0.0331633492903841
0.0922334761066629
0.0301473083058915
0.0248640295624448
0.0659524649365942
0.109104224405861
0.0466552448139971
0.0358162425463667
0.0491949273536881
0.0379931132947383
0.0463831359704506
0.037267489711872
0.00545359872355611
0.0449318888049454
0.00502259175275477
0.0628685647098103
0.0203060384646739
0.0206916939614751
0.0656121609137933
0.00443302259166167
0.0637196846992741
0.0610892992117532
0.0615410862757723
0.0521097073750046
0.0707474354821239
0.0840807688154451
0.0708398661051978
0.00512385271576032
0.0434004967065585
0.0201369182592633
0.00644077313462266
0.0430376849152391
0.163990065867656
0.0192735125797209
0.112699276535986
0.0393642155274757
0.0951918799265651
0.123854011445919
0.121949249541094
0.0686159162078094
0.0473478026131123
0.0998630817406275
0.0280716985206392
0.0183664831011948
0.0729696577042115
0.148343807364076
0.13020321779492
0.189477594212226
0.168751970629605
0.126348342511724
0.0616317892234884
0.198003671309712
0.0866658028290795
0.0865750998813065
0.058003671309839
0.0660308821942318
0.102448115754091
0.0716091134864792
0.044987798293837
0.0444906597559883
0.173377820969668
0.00294870964251903
0.0133778209695857
0.0182304286794216
0.0397723787929091
0.0253959615591749
0.0609515171148497
0.0269849908216974
0.0122564001446068
0.0364964343225165
0.0474714910118774
0.0176302211705928
0.0306007427125376
0.0471086792205011
0.0597163889710412
0.0248411055243463
0.0436166157284259
0.00522692168651307
0.0128459693056431
0.019852443392794
0.00815176312069465
0.0123471030924367
0.0203743139767727
0.0369276019586511
0.0160205724802569
0.0439117289428583
0.0645012981037059
0.0117798810344578
0.0251132143678927
0.00592954089855024
0.0361112754281254
0.00708633211745169
0.046270005586776
0.0159522166354276
0.0269956291695468
0.00729008511616879
0.000918531663883788
0.0101472279732928
0.0532994840448697
0.0354310033192593
0.0492632028656732
0.0387870123895897
0.0144786223668649
0.0665874659044181
0.06363962009918
0.0250455157907215
0.0266781688520001
0.0411906405072802
0.0513493706660444
0.0195126359722468
0.0924378060404212
0.0957484636367514
0.102233724407639
0.0286282822305981
0.0735262414143978
0.10486410989533
0.103548917151371
0.0342972164710733
0.086859574747719
0.096972953432483
0.078061388806687
0.0572450622760659
0.0994672844981739
0.0798300962897389
0.0881294160174508
0.117970685858878
0.0208278287159789
0.106179302639062
0.0386963094418167
0.0616441552468092
0.0719389398271193
0.101644155246545
0.0982427947024422
0.0831861053600693
0.0204754470094139
0.0825631017434281
0.0452388387049004
0.0819281811085054
0.0556681907735632
0.00623657113115056
0.0229712650087455
0.0943998364373007
0.0119508568455123
0.0469153563065314
0.00904687558082545
0.0234686442883325
0.0186613880524968
0.0946704583472277
0.00537489312668155
0.00111185457782509
0.0225631017434259
0.0392524441470775
0.0299100405189526
0.00709824913573326
0.00383294301328957
0.0289561726330342
0.06278837217943
0.0827430207055252
0.0284134418794471
0.0216107207910133
0.0428352105869541
0.0384361176164381
0.0655562990222867
0.000386230995186143
0.00297126500865003
0.024876026913457
0.0168034645552913
0.01095312441927
0.08455707966235
0.101338611947508
0.0265086799747357
0.0202048250993945
0.0341730790675817
0.0443318092265733
0.0326749934945704
0.00886546968516572
0.00147466636914456
0.0357603806548601
0.00972863462331103
0.0649652429279152
0.0250574328092304
0.0441957548048
0.0480506300882231
0.00152001784337213
0.049182930002676
0.0375276012044063
0.0300446080071063
0.0316333965278906
0.0487747667373563
0.00319802237842365
0.00850265789361887
0.029137578528694
0.00927511988399116
0.0118943617547161
0.00191703749169686
0.0857719127751325
0.0274499173102954
0.0398762211651758
0.046225427514375
0.00697185139719342
0.00885581300187549
0.0205319421001177
0.0205564932739749
0.0128013912331853
0.0193320034780727
0.0615542257002944
0.0206679965218909
0.0538444751333345
0.0497628424803652
0.0223006495831696
0.0175632959951345
3.30758869295233e-05
0.00103080831334229
0.054001329855194
0.00649753635795786
0.00137281980457554
0.0144340442943503
0.0276067720322117
0.0178807563125674
0.0472231599406741
0.0156793343903955
0.00799413499734963
0.0199215726390521
0.0368376724122499
0.00581726424897805
0.0547061531379741
0.00944538216296859
0.0751143164033892
0.0157700373383959
0.020259833256685
0.0929128944810855
0.0459287674969146
0.0447042777009556
0.0415542257003126
0.0301710057458167
0.102980921692077
0.0578354048386445
0.00296012139185403
0.0103732119414672
0.0213274683305572
0.0360666973556108
0.0783342710519464
0.0455659557055951
0.0984004228257873
0.105928767497087
0.100894753891478
0.0113954955415665
0.0455659557055951
0.0753165225990215
0.101756431896118
0.0323686767940471
0.0401691303088937
0.0797609670433103
0.038037611034295
0.0117791076329722
0.0225506183560838
0.0635937022562969
0.0113722841382342
0.148968656020331
0.0551583281066555
0.0591492578118802
0.0303510718708664
0.0732316945690898
0.109558225181347
0.0244100287869585
0.137585436065665
0.0654765925282434
0.0217577716666299
0.0110766954535804
0.132506070986283
0.00123542561236283
0.0852044836847925
0.146837136745903
0.117812193435229
0.166292919058905
0.0288326015986102
0.0414403113491788
0.159308792074698
0.0310094723468681
0.12434280568023
0.0695128737074399
0.0367237580611161
0.00692783969380324
0.077766841961379
0.0224380437753823
0.00640549363963165
0.14937681928548
0.124705617471663
0.155499268265275
0.0259973303742938
0.0686965471766869
0.115907431530404
0.0420517521430795
0.00225663787962711
0.0424833952493644
0.0780154709638466
0.103481127675723
0.0664743249545425
0.0568598124828712
0.145431241054511
0.0151129766326632
0.0110548238208865
0.0259066274265208
0.0752725108958019
0.082686672777909
0.0231401875172835
0.0481742011226472
0.0299429086054899
0.0171991444332618
0.0383564111223948
0.0664961965875775
0.027357874592026
0.0189006288095059
0.00615686463705041
0.00935333944441501
0.0326186455669542
0.086156864637205
0.084546083208734
0.0758620800566676
0.0213496084011966
0.0486511957029323
0.0253624097394279
0.00540776121321888
0.0222785095126439
0.215723720145003
0.131895327474038
0.323596007746172
0.0340721982223296
0.00742440041708267
0.228811427247305
0.183116010394432
0.17622258635814
0.512866577287841
0.295769071618881
0.0989436747935632
0.171396461260908
0.10960127116542
0.300149295728058
0.182779681215575
0.251551384544118
0.229238459373992
0.00804045219055308
0.118471291192886
0.0629157356372299
0.128376781369443
0.155542314249292
0.220648161941167
0.127450883029578
0.291052518330989
0.0239134680635653
0.19606766307501
0.108512835791234
0.0310336494695458
0.0367025837099073
0.0446844431203
0.111732790439792
0.21998675869364
0.138607345614755
0.0644123342766217
0.0266534253604822
0.168694241686953
0.0319406789479582
0.138898323319527
0.0815740602810455
0.412231656653066
0.262961087111162
0.215886257179218
0.0364946952016998
0.14615455914728
0.256403992253954
0.084049522485284
0.138852971845754
0.299533243954474
0.327605806312849
0.357311021732275
0.183822765115874
0.0936375523446349
0.290009434430576
0.0962679378318716
0.163051790059253
0.320621679328869
0.525973153251616
0.231551384544136
0.252639819918304
0.146245262095281
0.0669255342039922
0.224975420825249
0.321120545541735
0.401982223546302
0.367515103364813
0.209374513795783
0.013435019841275
0.0703057681405926
0.0223239087301653
0.00767538265305519
0.0683103032879802
0.0247509212018355
0.00989760487528487
0.0087872023809649
0.0122339143991252
0.0071091978457997
0.00400191326532025
0.0129141865079344
0.000850694444458771
0.00409261621315012
0.0175400368480535
0.0389225481859018
0.00198448129247423
0.0191946570295801
0.0986957908163009
0.0020517998866086
0.00286812641724795
0.0105105583900735
0.0137524801587648
0.0124826388889193
0.0347502125850457
0.0228227749433432
0.0957932964852904
0.0888998724489699
0.0879021400226708
0.0830041808390621
0.0573352465986051
0.0580155187074712
0.0717116638322256
0.0721198270975452
0.0542513463718211
0.0407366071427265
0.0508499858277179
0.0420064484126857
0.00515908446725858
0.0529361536280891
0.0321651785712408
0.103412344104136
0.0217343395691575
0.0117803996596916
0.0882196003402174
0.0274032738096327
0.0595574688207495
0.0878114370746704
0.0599656320862965
0.0229368622448686
0.0204644982994256
0.0228681264171161
0.0803284438775978
0.0553851332200071
0.0325733418365604
0.0120744756234859
0.0561107568026461
0.0852264030612065
0.00983028628132103
0.000351828231422917
0.000509849773444
0.0210994189342915
0.0314395549886018
0.0342513463718393
0.0184236819728273
0.0236844529479828
0.0316443452381276
0.0211447704080644
0.0113268849205991
0.0780617008708107
0.0665187979954012
0.0914857371519973
0.0136626079002995
0.0704190247527676
0.145227233750602
0.01112292536058
0.0908961679910179
0.00803902513385291
0.200214943120075
0.191371405705156
0.0463610205987082
0.177290725814116
0.0117578459954459
0.00803902513390975
0.200895215228941
0.0449551249070894
0.119467596562429
0.00143943291610205
0.115385963909346
0.148151451056636
0.0930947617141853
0.0886956687436693
0.0099437870386212
0.121871224680346
0.192347415156489
0.0683328569522543
0.136610453705286
0.139694353931843
0.241348729968224
0.144160521351326
0.0700562129611924
0.0585152156101842
0.28552106556893
0.11649612225827
0.0179927208978667
0.0785822900589053
0.0694212923263264
0.111280702757342
0.116133310467178
0.0287863716917243
0.0531401131882219
0.196111587492139
0.013889365269931
0.133956439718561
0.146518797995243
0.297856666476066
0.240214943120038
0.176269364888897
0.112051677813982
0.0650675508298106
0.149874807065801
0.147833990739203
0.0261559862040328
0.153457573505678
0.190373673278857
0.130419024752685
0.0889677775872157
0.102618571238084
0.0125564428670064
0.0927378487627
0.187204968944092
0.0816267376515942
0.0296657793552366
0.0736902297150597
0.013372769397596
0.0922389825495362
0.00294193039537059
0.0373755299221397
0.02209208321005
0.1102553485162
0.032114758947041
0.0519668737060261
0.0224430641822029
0.0948240165631706
0.000719708173169339
0.0224884156560894
0.0755949916199416
0.0335660061125462
0.0441782510106303
0.0603687272009619
0.115244010647752
0.044801340826216
0.0240757172434816
0.0777383417134796
0.0133846002169047
0.010119294094461
0.0472621512373006
0.207204968944102
0.204211771665205
0.0854362614611592
0.0512412501232167
0.0602780242530752
0.0820920832101091
0.0275796115547518
0.0924322192645331
0.130119294094352
0.00502809819568494
0.0424884156559575
0.0677491866310948
0.114824016563039
0.00861086463556159
0.0623641920537874
0.0310716750468554
0.0535995267671343
0.0425455979493517
0.0169220151828948
0.0230898156364627
0.11047027506675
0.0515587104407633
0.0931124913733992
0.142216306812547
0.111377304545163
0.127749186631268
0.0259351276740791
0.0187695947943258
0.147839889579022
0.00457458345659244
0.113554175293307
0.0947786650890567
0.0817746228926761
0.0922508133687596
0.0517972986294761
0.0552893621215798
0.103214039238997
0.0211278714384708
0.10706891452242
0.181762792073191
0.0285201616877704
0.0556403430937327
0.0411278714384526
0.00743253169813246
0.0289291303375984
0.000539107661847446
0.0113883299798834
0.0167295838523211
0.00785091501389329
0.00199035482738113
0.0142806042604599
0.0272057743285183
0.0297454568682093
0.0197227811312183
0.0477953434895363
0.0517409217207893
0.0442579285235462
0.0302896745552454
0.0262080419021624
0.00789626648777981
0.0128293570949546
0.0289744818115133
0.00875794449230566
0.0114688128773361
0.0414007856664222
0.0423078151448346
0.0404030532401231
0.0276592890676676
0.0223078151448527
0.0301082686595857
0.0389518060746178
0.0328293570949365
0.0428066813580409
0.0382261824918652
0.016502826482718
0.000130944396613039
0.0137363865732533
0.00811280380700568
0.0053917153715412
0.00635431637450152
0.0348248219474209
0.0406298106096694
0.0452103094757314
0.0130107629906144
0.0199041870270486
0.000231867394933808
0.00693366548504687
0.0130107629906144
0.0202216473443679
0.0104813005012437
0.0181354795439967
0.0160039602693979
0.00756858611991279
0.0317862731948645
0.0224892210405125
0.0118769761424284
0.0190878604964093
0.0118769761424284
0.0350062278431943
0.0461173389543711
0.00331576762171776
0.0222624636709662
0.0250289035802035
0.0134642777299342
0.0175912618569038
0.0155050940565326
0.00553798984386217
0.0222624636709662
0.00784069496345923
0.00590080163540902
0.00466609178890226
0.0215821915621001
0.00133606881906494
0.0753079221106598
0.0266457905913522
0.0245142713170092
0.0118612100924973
0.0379836590721036
0.0251491919519035
0.0742194867365024
0.0601605298204286
0.0407954504553127
0.0261015729043161
0.0221070438758138
0.0729496454666001
0.0510448835617931
0.0656027066910733
0.00115466292330572
0.0695029334484966
0.0432444300470602
0.0114983983010357
0.0358974912716472
0.0214303710902537
0.0329949969405229
0.0203872871899544
0.0444689198430192
0.0431537270992872
0.0375301443328122
0.0705913688225687
0.0171219810676244
0.0228780189324529
0.01856962890971
0.0514983983012267
0.00945398265113133
0.0173033869632841
0.0395220098621043
0.0126321851492217
0.000973257027645988
0.0129460461434623
0.00474102868660205
0.041067559298916
0.0217024799338001
0.00818774070470547
0.00787028038715883
0.0444653205197132
0.0617024799337637
0.0420163409280226
0.0226512615629067
0.00641543389834758
0.012311125508369
0.0305913688226051
0.00369794478641645
0.0113587445559565
0.0197070150812019
0.0572580354894749
0.024378216895037
0.0159845948962461
0.0219292373033464
0.0208408019291606
0.0446956772125655
0.003331533671791
0.00754922074653357
0.0148544073713661
0.0371219810674925
0.0127646402474615
0.00886441349026561
0.0172126840155111
0.108764975806588
0.00305069009230285
0.0197157498170015
0.111667470137669
0.0769039584337947
0.00767654043242194
0.0579923938079419
0.2816901458746
0.144093773992532
0.240374953130848
0.117130715803361
0.0148177906333076
0.101916903244253
0.0355434142160989
0.150397628867816
0.0579259735389797
0.0657717785277128
0.170624386237458
0.0691731390719297
0.00890103022832411
0.012142053671957
0.0498744799756623
0.195658399842821
0.0321663363508633
0.0959305086864588
0.0373817558520186
0.200919170817863
0.0588783544913922
0.129127787597989
0.0869962683236536
0.104864749049264
0.133617583516391
0.154161801203466
0.0315767671897702
0.103912368096738
0.202052957665822
0.115089899476649
0.0131187173031804
0.099649329547995
0.0129826628814071
0.0606017105004439
0.186950916849676
0.144184476940475
0.130851143606927
0.148402164015218
0.187313728641223
0.0844323031048106
0.0616205117218187
0.0725502169369947
0.255522345421107
0.188538218436955
0.192347742246605
0.0857264270538081
0.0981073794347167
0.0639577195707743
0.0681754066457443
0.0865881050582202
0.00479511489643025
0.00919420786671887
0.050690806506188
0.0324141625152579
0.00441123430992141
0.0361119145819457
0.0256810755796351
0.187086971271449
0.110805792133172
0.0190848588758205
0.0886540198735365
0.00584222849031493
0.0801279427760226
0.0423048135243168
0.0482167284257794
0.000280220489252776
0.0535066275832951
0.028806297586777
0.00715742123410382
0.0660398576775033
0.0479737477647068
0.0108017624394502
0.0911645742308106
0.0577405379495071
0.168262079899727
0.0325704699223702
0.0843165016683765
0.0855409914643356
0.124543259038
0.0503935991740941
0.126357317994939
0.0449060708293923
0.0449514223032788
0.0718901978134677
0.0413686558634022
0.124316501668454
0.086522500599222
0.137287023210342
0.145042125251188
0.156742805523231
0.139463893958713
0.0327356525265036
0.0875818077909339
0.00218498239407791
0.0235293033201519
0.0875655844992939
0.0465387238905573
0.0229397341592862
0.184316501668513
0.017270799918811
0.017361502866584
0.0206721604631416
0.0672643474734055
0.108987703482421
0.100234869015162
0.0466747783123306
0.143636229559683
0.068126025478045
0.0388743247977113
0.108216728425782
0.00245709123762436
0.0603547001455586
0.023726932507338
0.088987703482439
0.119463893958732
0.010921593569697
0.118103349740999
0.100461626384935
0.110121490330607
0.0556997216231362
0.0495319211695683
0.108806297586875
0.0429559574506807
0.0742031229836125
0.004494875283467
0.117999455782314
0.0206751927437552
0.021310113378678
0.0504711111111249
0.0499370521541606
0.0484858049886554
0.0199042176870592
0.0564121541950329
0.00466612244902657
0.0947795011338315
0.0416275736962064
0.0263894784580601
0.145210340135992
0.0135198185940168
0.0942806349206251
0.00159238095231436
0.00862185941040812
0.0489846712018049
0.150335056689261
0.0271604535148129
0.0256638548753075
0.0118316553287799
0.00966494331059371
0.0212194104307913
0.00421260770982039
0.0336910657594729
0.0232602267573896
0.0274880725624313
0.0810380045349633
0.0820912471656754
0.0776819954648603
0.0322851700679679
0.153056145124725
0.119949569160968
0.0552783673469606
0.101718276644039
0.0306978684806894
0.033373605442381
0.0897454875284496
0.022363356009049
0.121763628117793
0.0575107482991768
0.0425799546485053
0.0965482086168834
0.080629841269871
0.146933696145158
0.0207205442176986
0.0155051247165432
0.035560634920597
0.0237692517005541
0.0349609070294322
0.138135510204126
0.0144620408163576
0.0673066666666215
0.0880221315191705
0.0453463945577426
0.0336558730157718
0.0161400453514092
0.0182817233560797
0.0308792743764628
